#Size: 6400
Step activity
1 0
2 0
3 0
4 0
5 0
6 0
7 0
8 0
9 0
10 0
11 0
12 0
13 0
14 0
15 0
16 0
17 0
18 0
19 0
20 0
21 0
22 0
23 0
24 0
25 0
26 0
27 0
28 0
29 0
30 0
31 0
32 0
33 0
34 0
35 0
36 0
37 1
38 1
39 2
40 5
41 5
42 3
43 6
44 8
45 9
46 8
47 8
48 10
49 7
50 6
51 8
52 7
53 5
54 5
55 4
56 6
57 9
58 11
59 16
60 18
61 25
62 22
63 22
64 17
65 16
66 17
67 10
68 9
69 8
70 7
71 11
72 15
73 10
74 9
75 10
76 13
77 10
78 7
79 8
80 9
81 7
82 5
83 6
84 8
85 8
86 8
87 11
88 13
89 12
90 13
91 13
92 13
93 20
94 23
95 24
96 22
97 29
98 31
99 43
100 46
101 47
102 51
103 47
104 50
105 50
106 56
107 58
108 58
109 48
110 43
111 33
112 29
113 23
114 31
115 26
116 27
117 28
118 27
119 27
120 20
121 25
122 30
123 30
124 35
125 42
126 36
127 38
128 42
129 39
130 48
131 42
132 39
133 33
134 29
135 26
136 29
137 25
138 27
139 34
140 31
141 34
142 33
143 37
144 38
145 40
146 42
147 43
148 49
149 49
150 46
151 39
152 37
153 36
154 37
155 29
156 29
157 32
158 42
159 40
160 39
161 35
162 38
163 43
164 47
165 42
166 43
167 46
168 50
169 46
170 45
171 47
172 37
173 36
174 36
175 30
176 29
177 29
178 32
179 30
180 35
181 34
182 33
183 29
184 23
185 18
186 14
187 19
188 20
189 19
190 18
191 15
192 15
193 18
194 21
195 20
196 17
197 19
198 19
199 17
200 16
201 14
202 9
203 6
204 5
205 8
206 9
207 8
208 6
209 3
210 5
211 3
212 5
213 4
214 3
215 2
216 2
217 6
218 7
219 7
220 3
221 2
222 3
223 5
224 5
225 6
226 7
227 10
228 11
229 10
230 11
231 11
232 9
233 11
234 12
235 17
236 14
237 15
238 17
239 19
240 15
241 19
242 18
243 17
244 14
245 15
246 18
247 18
248 12
249 13
250 19
251 24
252 18
253 16
254 19
255 21
256 16
257 16
258 19
259 19
260 13
261 13
262 16
263 14
264 10
265 12
266 10
267 12
268 6
269 7
270 10
271 12
272 15
273 18
274 22
275 25
276 28
277 28
278 31
279 38
280 37
281 36
282 40
283 36
284 34
285 37
286 44
287 49
288 55
289 55
290 67
291 62
292 61
293 68
294 73
295 71
296 81
297 74
298 77
299 81
300 84
301 79
302 73
303 70
304 80
305 82
306 81
307 86
308 99
309 93
310 95
311 94
312 84
313 79
314 83
315 86
316 88
317 100
318 97
319 100
320 104
321 113
322 124
323 122
324 134
325 136
326 139
327 137
328 144
329 156
330 146
331 141
332 161
333 159
334 168
335 177
336 181
337 171
338 177
339 172
340 183
341 180
342 175
343 191
344 192
345 171
346 145
347 123
348 123
349 119
350 116
351 101
352 106
353 102
354 105
355 117
356 119
357 120
358 127
359 124
360 128
361 129
362 118
363 107
364 114
365 113
366 114
367 116
368 128
369 141
370 133
371 129
372 122
373 123
374 120
375 125
376 114
377 112
378 109
379 105
380 112
381 105
382 107
383 106
384 104
385 112
386 120
387 122
388 119
389 113
390 113
391 99
392 95
393 93
394 94
395 87
396 92
397 86
398 104
399 102
400 106
401 109
402 98
403 96
404 92
405 101
406 92
407 89
408 96
409 91
410 92
411 90
412 94
413 88
414 89
415 86
416 90
417 93
418 87
419 77
420 63
421 62
422 66
423 70
424 63
425 67
426 79
427 80
428 87
429 88
430 83
431 87
432 96
433 101
434 104
435 107
436 110
437 107
438 107
439 108
440 109
441 118
442 126
443 122
444 110
445 113
446 106
447 112
448 105
449 106
450 108
451 112
452 101
453 97
454 91
455 104
456 113
457 113
458 105
459 104
460 103
461 99
462 82
463 73
464 79
465 82
466 78
467 77
468 75
469 68
470 62
471 65
472 62
473 66
474 63
475 62
476 57
477 65
478 52
479 53
480 52
481 56
482 51
483 42
484 42
485 38
486 50
487 43
488 32
489 36
490 29
491 35
492 43
493 44
494 34
495 38
496 43
497 51
498 51
499 40
500 38
501 37
502 36
503 36
504 43
505 41
506 43
507 41
508 38
509 41
510 39
511 33
512 23
513 23
514 25
515 19
516 20
517 20
518 23
519 13
520 11
521 13
522 9
523 5
524 6
525 6
526 6
527 13
528 14
529 13
530 13
531 8
532 7
533 10
534 6
535 7
536 7
537 0
538 0
539 0
540 0
541 0
542 1
543 0
544 0
545 0
546 0
547 0
548 0
549 0
550 1
551 1
552 1
553 1
554 2
555 3
556 6
557 5
558 6
559 6
560 3
561 5
562 3
563 1
564 1
565 1
566 2
567 0
568 0
569 0
570 0
571 0
572 0
573 0
574 0
575 1
576 1
577 2
578 2
579 1
580 3
581 4
582 9
583 12
584 15
585 23
586 22
587 23
588 26
589 23
590 30
591 33
592 34
593 22
594 20
595 25
596 22
597 21
598 30
599 29
600 26
601 22
602 32
603 35
604 40
605 41
606 40
607 46
608 45
609 36
610 33
611 39
612 47
613 39
614 36
615 39
616 38
617 42
618 38
619 38
620 33
621 29
622 26
623 21
624 16
625 13
626 20
627 20
628 19
629 19
630 23
631 23
632 25
633 27
634 26
635 31
636 23
637 23
638 23
639 30
640 31
641 34
642 30
643 25
644 31
645 29
646 30
647 34
648 31
649 28
650 32
651 34
652 37
653 30
654 25
655 24
656 23
657 21
658 22
659 26
660 27
661 27
662 23
663 24
664 21
665 18
666 15
667 11
668 12
669 17
670 18
671 16
672 13
673 10
674 10
675 9
676 8
677 6
678 7
679 9
680 13
681 15
682 14
683 11
684 17
685 15
686 14
687 17
688 19
689 11
690 12
691 12
692 13
693 12
694 11
695 15
696 16
697 17
698 21
699 17
700 19
701 16
702 9
703 10
704 6
705 4
706 5
707 2
708 1
709 0
710 0
711 0
712 0
713 0
714 0
715 0
716 0
717 0
718 0
719 0
720 0
721 0
722 0
723 0
724 0
725 0
726 0
727 0
728 0
729 0
730 0
731 0
732 0
733 0
734 0
735 0
736 0
737 0
738 0
739 0
740 0
741 0
742 0
743 0
744 0
745 0
746 0
747 0
748 0
749 0
750 0
751 0
752 0
753 0
754 0
755 0
756 0
757 0
758 0
759 0
760 0
761 0
762 0
763 0
764 0
765 0
766 0
767 0
768 0
769 0
770 0
771 0
772 0
773 0
774 0
775 0
776 0
777 0
778 0
779 0
780 0
781 0
782 0
783 0
784 0
785 0
786 0
787 0
788 0
789 0
790 0
791 0
792 0
793 0
794 1
795 2
796 3
797 3
798 3
799 4
800 7
801 9
802 9
803 9
804 12
805 15
806 9
807 8
808 13
809 8
810 11
811 12
812 15
813 19
814 22
815 23
816 26
817 28
818 30
819 21
820 20
821 20
822 18
823 13
824 15
825 12
826 9
827 9
828 9
829 10
830 10
831 8
832 6
833 5
834 5
835 5
836 2
837 2
838 3
839 5
840 5
841 4
842 4
843 2
844 3
845 3
846 4
847 4
848 4
849 5
850 2
851 3
852 2
853 2
854 3
855 3
856 5
857 4
858 3
859 2
860 1
861 1
862 2
863 1
864 1
865 0
866 0
867 0
868 0
869 0
870 0
871 0
872 0
873 0
874 0
875 0
876 0
877 0
878 0
879 0
880 0
881 0
882 0
883 0
884 0
885 0
886 1
887 1
888 0
889 0
890 0
891 0
892 0
893 0
894 1
895 0
896 0
897 0
898 0
899 0
900 0
901 0
902 0
903 0
904 0
905 0
906 0
907 0
908 0
909 0
910 0
911 0
912 0
913 0
914 0
915 0
916 0
917 0
918 0
919 0
920 0
921 0
922 0
923 0
924 0
925 0
926 0
927 0
928 0
929 0
930 0
931 0
932 0
933 0
934 0
935 0
936 0
937 0
938 0
939 0
940 0
941 0
942 0
943 0
944 0
945 0
946 0
947 0
948 0
949 0
950 0
951 0
952 0
953 0
954 1
955 3
956 3
957 3
958 3
959 2
960 0
961 0
962 0
963 0
964 0
965 0
966 0
967 0
968 0
969 0
970 0
971 0
972 0
973 0
974 0
975 0
976 0
977 0
978 0
979 0
980 0
981 0
982 0
983 0
984 0
985 0
986 0
987 0
988 0
989 0
990 0
991 0
992 0
993 0
994 0
995 0
996 0
997 0
998 0
999 0
1000 0
1001 0
1002 0
1003 0
1004 0
1005 1
1006 0
1007 0
1008 0
1009 0
1010 0
1011 0
1012 0
1013 0
1014 0
1015 0
1016 0
1017 0
1018 0
1019 1
1020 2
1021 3
1022 3
1023 4
1024 4
1025 3
1026 1
1027 0
1028 0
1029 0
1030 1
1031 1
1032 1
1033 0
1034 0
1035 1
1036 1
1037 1
1038 1
1039 1
1040 3
1041 2
1042 4
1043 5
1044 4
1045 4
1046 3
1047 2
1048 1
1049 3
1050 4
1051 2
1052 4
1053 4
1054 3
1055 3
1056 2
1057 1
1058 2
1059 3
1060 3
1061 0
1062 0
1063 0
1064 0
1065 0
1066 0
1067 0
1068 0
1069 0
1070 0
1071 0
1072 0
1073 0
1074 0
1075 0
1076 0
1077 0
1078 0
1079 0
1080 0
1081 0
1082 0
1083 0
1084 0
1085 0
1086 0
1087 0
1088 0
1089 0
1090 0
1091 0
1092 0
1093 0
1094 1
1095 2
1096 5
1097 5
1098 5
1099 4
1100 4
1101 7
1102 7
1103 8
1104 7
1105 8
1106 12
1107 11
1108 14
1109 15
1110 13
1111 13
1112 13
1113 10
1114 11
1115 9
1116 8
1117 6
1118 5
1119 6
1120 4
1121 3
1122 3
1123 2
1124 3
1125 1
1126 0
1127 0
1128 1
1129 0
1130 0
1131 0
1132 1
1133 1
1134 2
1135 6
1136 3
1137 4
1138 5
1139 3
1140 5
1141 4
1142 1
1143 1
1144 1
1145 1
1146 0
1147 1
1148 2
1149 3
1150 6
1151 7
1152 5
1153 7
1154 9
1155 5
1156 6
1157 8
1158 6
1159 10
1160 9
1161 8
1162 5
1163 7
1164 8
1165 9
1166 8
1167 6
1168 9
1169 11
1170 10
1171 10
1172 15
1173 15
1174 13
1175 15
1176 12
1177 16
1178 15
1179 14
1180 16
1181 18
1182 14
1183 14
1184 9
1185 10
1186 13
1187 11
1188 13
1189 10
1190 13
1191 19
1192 20
1193 22
1194 26
1195 21
1196 22
1197 23
1198 18
1199 18
1200 16
1201 19
1202 14
1203 13
1204 12
1205 6
1206 2
1207 1
1208 1
1209 1
1210 1
1211 0
1212 0
1213 0
1214 0
1215 0
1216 0
1217 0
1218 0
1219 0
1220 0
1221 0
1222 0
1223 0
1224 0
1225 0
1226 0
1227 0
1228 1
1229 1
1230 1
1231 1
1232 1
1233 1
1234 1
1235 0
1236 0
1237 0
1238 1
1239 4
1240 3
1241 2
1242 3
1243 3
1244 4
1245 3
1246 3
1247 3
1248 4
1249 4
1250 3
1251 3
1252 6
1253 6
1254 8
1255 6
1256 5
1257 5
1258 4
1259 6
1260 6
1261 8
1262 9
1263 11
1264 9
1265 16
1266 15
1267 24
1268 26
1269 25
1270 29
1271 35
1272 31
1273 27
1274 25
1275 26
1276 20
1277 24
1278 22
1279 30
1280 29
1281 33
1282 37
1283 36
1284 36
1285 38
1286 36
1287 39
1288 49
1289 40
1290 47
1291 50
1292 46
1293 52
1294 68
1295 75
1296 76
1297 85
1298 85
1299 72
1300 81
1301 80
1302 86
1303 79
1304 78
1305 78
1306 79
1307 66
1308 74
1309 80
1310 78
1311 72
1312 68
1313 61
1314 56
1315 53
1316 63
1317 66
1318 63
1319 59
1320 59
1321 78
1322 76
1323 72
1324 67
1325 58
1326 65
1327 71
1328 82
1329 83
1330 76
1331 88
1332 74
1333 67
1334 64
1335 65
1336 65
1337 65
1338 72
1339 69
1340 78
1341 71
1342 60
1343 65
1344 73
1345 77
1346 73
1347 81
1348 86
1349 74
1350 71
1351 64
1352 51
1353 53
1354 48
1355 44
1356 39
1357 35
1358 29
1359 26
1360 27
1361 28
1362 28
1363 27
1364 21
1365 16
1366 13
1367 17
1368 15
1369 16
1370 17
1371 16
1372 18
1373 19
1374 22
1375 26
1376 28
1377 26
1378 28
1379 28
1380 26
1381 25
1382 26
1383 27
1384 29
1385 29
1386 25
1387 30
1388 31
1389 25
1390 19
1391 28
1392 25
1393 27
1394 23
1395 19
1396 21
1397 21
1398 15
1399 20
1400 22
1401 21
1402 27
1403 32
1404 27
1405 31
1406 31
1407 30
1408 28
1409 30
1410 31
1411 33
1412 28
1413 27
1414 32
1415 40
1416 47
1417 46
1418 32
1419 33
1420 31
1421 28
1422 28
1423 27
1424 37
1425 39
1426 44
1427 41
1428 37
1429 35
1430 39
1431 39
1432 38
1433 40
1434 36
1435 34
1436 36
1437 40
1438 41
1439 41
1440 40
1441 40
1442 42
1443 47
1444 48
1445 55
1446 53
1447 55
1448 57
1449 47
1450 53
1451 46
1452 48
1453 57
1454 52
1455 49
1456 56
1457 54
1458 47
1459 46
1460 47
1461 37
1462 43
1463 39
1464 37
1465 33
1466 30
1467 32
1468 27
1469 23
1470 27
1471 24
1472 24
1473 16
1474 22
1475 27
1476 29
1477 24
1478 15
1479 16
1480 12
1481 12
1482 13
1483 13
1484 13
1485 14
1486 16
1487 18
1488 18
1489 17
1490 21
1491 16
1492 15
1493 17
1494 10
1495 8
1496 7
1497 5
1498 6
1499 6
1500 4
1501 3
1502 3
1503 5
1504 9
1505 14
1506 12
1507 9
1508 8
1509 9
1510 9
1511 11
1512 17
1513 22
1514 21
1515 19
1516 19
1517 16
1518 16
1519 15
1520 13
1521 8
1522 10
1523 12
1524 8
1525 9
1526 14
1527 13
1528 13
1529 15
1530 15
1531 16
1532 18
1533 21
1534 19
1535 17
1536 16
1537 21
1538 16
1539 10
1540 16
1541 17
1542 17
1543 15
1544 11
1545 13
1546 17
1547 20
1548 21
1549 27
1550 32
1551 28
1552 28
1553 26
1554 24
1555 28
1556 32
1557 28
1558 31
1559 36
1560 28
1561 33
1562 43
1563 40
1564 38
1565 30
1566 28
1567 24
1568 24
1569 33
1570 35
1571 36
1572 29
1573 29
1574 26
1575 24
1576 22
1577 24
1578 28
1579 30
1580 33
1581 30
1582 38
1583 40
1584 39
1585 36
1586 41
1587 38
1588 49
1589 45
1590 44
1591 42
1592 49
1593 51
1594 52
1595 41
1596 42
1597 38
1598 37
1599 37
1600 43
1601 43
1602 43
1603 38
1604 50
1605 47
1606 39
1607 47
1608 52
1609 54
1610 50
1611 51
1612 53
1613 59
1614 68
1615 68
1616 56
1617 51
1618 48
1619 52
1620 49
1621 52
1622 45
1623 47
1624 46
1625 50
1626 43
1627 40
1628 55
1629 53
1630 53
1631 55
1632 56
1633 49
1634 51
1635 52
1636 55
1637 56
1638 59
1639 66
1640 59
1641 48
1642 48
1643 47
1644 46
1645 47
1646 41
1647 40
1648 39
1649 44
1650 39
1651 40
1652 41
1653 38
1654 29
1655 27
1656 34
1657 32
1658 30
1659 35
1660 32
1661 38
1662 33
1663 33
1664 36
1665 38
1666 40
1667 37
1668 37
1669 26
1670 33
1671 30
1672 24
1673 19
1674 20
1675 17
1676 12
1677 11
1678 10
1679 14
1680 14
1681 15
1682 10
1683 4
1684 2
1685 2
1686 0
1687 1
1688 0
1689 0
1690 2
1691 1
1692 3
1693 4
1694 4
1695 4
1696 4
1697 2
1698 3
1699 2
1700 4
1701 4
1702 5
1703 3
1704 1
1705 1
1706 1
1707 1
1708 0
1709 0
1710 0
1711 0
1712 0
1713 0
1714 0
1715 0
1716 1
1717 1
1718 1
1719 4
1720 3
1721 1
1722 1
1723 1
1724 0
1725 0
1726 0
1727 0
1728 0
1729 0
1730 0
1731 0
1732 1
1733 0
1734 0
1735 0
1736 0
1737 0
1738 0
1739 0
1740 0
1741 0
1742 0
1743 0
1744 1
1745 2
1746 2
1747 3
1748 1
1749 1
1750 1
1751 1
1752 0
1753 0
1754 0
1755 0
1756 0
1757 0
1758 0
1759 0
1760 0
1761 0
1762 0
1763 0
1764 0
1765 0
1766 0
1767 0
1768 0
1769 0
1770 0
1771 0
1772 0
1773 0
1774 0
1775 0
1776 0
1777 0
1778 0
1779 0
1780 0
1781 0
1782 0
1783 1
1784 2
1785 2
1786 2
1787 3
1788 3
1789 2
1790 2
1791 1
1792 0
1793 0
1794 0
1795 0
1796 0
1797 0
1798 0
1799 0
1800 1
1801 1
1802 1
1803 1
1804 1
1805 2
1806 3
1807 3
1808 3
1809 3
1810 0
1811 0
1812 0
1813 0
1814 0
1815 1
1816 1
1817 2
1818 2
1819 2
1820 2
1821 2
1822 2
1823 1
1824 2
1825 1
1826 0
1827 0
1828 0
1829 0
1830 0
1831 0
1832 0
1833 0
1834 0
1835 0
1836 0
1837 0
1838 0
1839 0
1840 0
1841 0
1842 0
1843 0
1844 0
1845 0
1846 0
1847 2
1848 1
1849 1
1850 1
1851 1
1852 1
1853 2
1854 1
1855 0
1856 0
1857 0
1858 0
1859 0
1860 0
1861 0
1862 0
1863 0
1864 0
1865 0
1866 0
1867 0
1868 0
1869 0
1870 0
1871 0
1872 0
1873 0
1874 0
1875 0
1876 0
1877 0
1878 0
1879 0
1880 0
1881 2
1882 2
1883 2
1884 3
1885 4
1886 3
1887 7
1888 5
1889 6
1890 8
1891 10
1892 10
1893 13
1894 19
1895 16
1896 18
1897 14
1898 12
1899 13
1900 13
1901 17
1902 11
1903 11
1904 15
1905 11
1906 7
1907 9
1908 10
1909 8
1910 11
1911 8
1912 7
1913 8
1914 6
1915 4
1916 4
1917 4
1918 3
1919 2
1920 1
1921 1
1922 1
1923 2
1924 2
1925 2
1926 2
1927 1
1928 2
1929 1
1930 1
1931 0
1932 0
1933 0
1934 0
1935 1
1936 0
1937 0
1938 1
1939 2
1940 2
1941 2
1942 2
1943 1
1944 2
1945 3
1946 1
1947 1
1948 1
1949 1
1950 0
1951 0
1952 1
1953 1
1954 0
1955 0
1956 0
1957 0
1958 1
1959 2
1960 2
1961 1
1962 1
1963 1
1964 1
1965 2
1966 3
1967 4
1968 4
1969 5
1970 1
1971 2
1972 3
1973 3
1974 2
1975 4
1976 5
1977 3
1978 2
1979 1
1980 2
1981 2
1982 2
1983 0
1984 0
1985 0
1986 0
1987 0
1988 0
1989 1
1990 2
1991 2
1992 0
1993 0
1994 0
1995 0
1996 0
1997 0
1998 0
1999 0
2000 0
2001 0
2002 1
2003 0
2004 0
2005 1
2006 2
2007 2
2008 4
2009 2
2010 3
2011 1
2012 1
2013 2
2014 0
2015 0
2016 0
2017 0
2018 0
2019 0
2020 0
2021 0
2022 1
2023 0
2024 0
2025 0
2026 0
2027 0
2028 0
2029 0
2030 0
2031 0
2032 0
2033 0
2034 0
2035 0
2036 0
2037 0
2038 0
2039 0
2040 0
2041 0
2042 0
2043 0
2044 0
2045 0
2046 0
2047 0
2048 0
2049 0
2050 0
2051 0
2052 0
2053 0
2054 0
2055 0
2056 0
2057 0
2058 0
2059 1
2060 1
2061 1
2062 2
2063 3
2064 4
2065 3
2066 2
2067 4
2068 5
2069 5
2070 5
2071 5
2072 4
2073 3
2074 2
2075 3
2076 3
2077 4
2078 3
2079 3
2080 3
2081 7
2082 7
2083 10
2084 11
2085 10
2086 8
2087 5
2088 6
2089 10
2090 9
2091 10
2092 7
2093 3
2094 2
2095 1
2096 1
2097 1
2098 2
2099 0
2100 0
2101 0
2102 1
2103 1
2104 2
2105 0
2106 0
2107 0
2108 0
2109 0
2110 0
2111 0
2112 0
2113 0
2114 1
2115 1
2116 1
2117 0
2118 0
2119 0
2120 0
2121 0
2122 0
2123 0
2124 0
2125 0
2126 0
2127 1
2128 1
2129 0
2130 0
2131 0
2132 0
2133 0
2134 0
2135 0
2136 0
2137 0
2138 0
2139 0
2140 0
2141 0
2142 0
2143 0
2144 0
2145 0
2146 0
2147 0
2148 0
2149 0
2150 0
2151 0
2152 0
2153 0
2154 0
2155 0
2156 0
2157 0
2158 0
2159 0
2160 0
2161 0
2162 0
2163 0
2164 0
2165 0
2166 0
2167 0
2168 0
2169 0
2170 0
2171 0
2172 0
2173 0
2174 0
2175 0
2176 0
2177 0
2178 0
2179 0
2180 0
2181 0
2182 0
2183 0
2184 0
2185 0
2186 0
2187 1
2188 2
2189 2
2190 3
2191 4
2192 5
2193 5
2194 8
2195 7
2196 9
2197 14
2198 16
2199 11
2200 7
2201 7
2202 6
2203 6
2204 4
2205 5
2206 7
2207 9
2208 11
2209 15
2210 14
2211 9
2212 13
2213 12
2214 16
2215 11
2216 14
2217 15
2218 18
2219 12
2220 11
2221 15
2222 15
2223 16
2224 18
2225 26
2226 22
2227 17
2228 16
2229 20
2230 19
2231 17
2232 18
2233 14
2234 15
2235 16
2236 18
2237 13
2238 11
2239 10
2240 12
2241 15
2242 19
2243 20
2244 21
2245 29
2246 27
2247 26
2248 21
2249 23
2250 22
2251 21
2252 17
2253 18
2254 21
2255 16
2256 18
2257 15
2258 17
2259 20
2260 13
2261 21
2262 18
2263 18
2264 14
2265 16
2266 11
2267 8
2268 7
2269 4
2270 8
2271 10
2272 9
2273 8
2274 6
2275 6
2276 5
2277 4
2278 3
2279 2
2280 1
2281 0
2282 0
2283 1
2284 1
2285 1
2286 1
2287 0
2288 0
2289 0
2290 0
2291 0
2292 0
2293 0
2294 0
2295 0
2296 0
2297 0
2298 0
2299 0
2300 0
2301 0
2302 0
2303 0
2304 0
2305 1
2306 1
2307 2
2308 1
2309 1
2310 2
2311 1
2312 0
2313 0
2314 0
2315 0
2316 0
2317 0
2318 0
2319 0
2320 0
2321 0
2322 0
2323 1
2324 1
2325 0
2326 0
2327 0
2328 0
2329 0
2330 0
2331 0
2332 0
2333 0
2334 0
2335 0
2336 1
2337 2
2338 1
2339 1
2340 1
2341 1
2342 0
2343 0
2344 0
2345 0
2346 0
2347 0
2348 0
2349 0
2350 0
2351 0
2352 0
2353 0
2354 0
2355 0
2356 1
2357 2
2358 0
2359 0
2360 0
2361 0
2362 0
2363 0
2364 0
2365 0
2366 0
2367 0
2368 0
2369 0
2370 0
2371 0
2372 0
2373 0
2374 0
2375 0
2376 0
2377 0
2378 0
2379 0
2380 0
2381 0
2382 0
2383 0
2384 0
2385 0
2386 0
2387 0
2388 0
2389 0
2390 0
2391 0
2392 0
2393 0
2394 0
2395 0
2396 0
2397 1
2398 1
2399 2
2400 2
2401 2
2402 0
2403 0
2404 0
2405 0
2406 0
2407 0
2408 0
2409 0
2410 0
2411 0
2412 0
2413 0
2414 0
2415 0
2416 0
2417 0
2418 0
2419 0
2420 0
2421 0
2422 0
2423 0
2424 1
2425 0
2426 0
2427 0
2428 0
2429 0
2430 0
2431 0
2432 0
2433 1
2434 1
2435 2
2436 1
2437 2
2438 3
2439 4
2440 3
2441 4
2442 5
2443 4
2444 5
2445 6
2446 5
2447 5
2448 4
2449 3
2450 2
2451 4
2452 4
2453 7
2454 13
2455 14
2456 17
2457 18
2458 21
2459 11
2460 9
2461 9
2462 8
2463 10
2464 5
2465 5
2466 7
2467 7
2468 8
2469 8
2470 13
2471 11
2472 8
2473 6
2474 3
2475 3
2476 4
2477 1
2478 0
2479 0
2480 0
2481 0
2482 0
2483 0
2484 0
2485 0
2486 0
2487 0
2488 0
2489 0
2490 0
2491 0
2492 0
2493 0
2494 0
2495 0
2496 1
2497 0
2498 0
2499 0
2500 1
2501 0
2502 0
2503 0
2504 1
2505 1
2506 1
2507 1
2508 2
2509 1
2510 0
2511 1
2512 1
2513 0
2514 0
2515 0
2516 0
2517 0
2518 0
2519 0
2520 0
2521 0
2522 0
2523 0
2524 0
2525 0
2526 1
2527 1
2528 1
2529 1
2530 2
2531 0
2532 0
2533 0
2534 0
2535 0
2536 0
2537 0
2538 0
2539 0
2540 0
2541 0
2542 0
2543 0
2544 0
2545 0
2546 0
2547 0
2548 0
2549 0
2550 0
2551 1
2552 0
2553 0
2554 0
2555 0
2556 0
2557 0
2558 0
2559 0
2560 0
2561 1
2562 3
2563 3
2564 3
2565 1
2566 1
2567 1
2568 1
2569 0
2570 0
2571 0
2572 0
2573 0
2574 0
2575 0
2576 0
2577 0
2578 0
2579 0
2580 0
2581 1
2582 2
2583 3
2584 2
2585 2
2586 2
2587 1
2588 0
2589 0
2590 0
2591 0
2592 0
2593 0
2594 0
2595 0
2596 0
2597 0
2598 0
2599 0
2600 0
2601 1
2602 2
2603 1
2604 0
2605 0
2606 0
2607 0
2608 0
2609 0
2610 0
2611 0
2612 0
2613 0
2614 0
2615 0
2616 0
2617 1
2618 2
2619 4
2620 5
2621 6
2622 9
2623 13
2624 12
2625 9
2626 8
2627 9
2628 10
2629 9
2630 12
2631 11
2632 10
2633 11
2634 11
2635 12
2636 14
2637 13
2638 17
2639 14
2640 16
2641 17
2642 13
2643 17
2644 16
2645 18
2646 20
2647 21
2648 21
2649 23
2650 20
2651 20
2652 20
2653 18
2654 23
2655 18
2656 16
2657 15
2658 18
2659 20
2660 24
2661 20
2662 20
2663 13
2664 18
2665 11
2666 9
2667 11
2668 8
2669 6
2670 5
2671 8
2672 8
2673 6
2674 6
2675 6
2676 7
2677 10
2678 11
2679 7
2680 1
2681 1
2682 2
2683 3
2684 2
2685 3
2686 5
2687 5
2688 2
2689 4
2690 5
2691 4
2692 3
2693 4
2694 4
2695 4
2696 4
2697 8
2698 7
2699 5
2700 8
2701 7
2702 8
2703 7
2704 5
2705 4
2706 7
2707 6
2708 5
2709 6
2710 6
2711 5
2712 5
2713 3
2714 5
2715 5
2716 9
2717 9
2718 11
2719 13
2720 19
2721 24
2722 24
2723 26
2724 20
2725 20
2726 23
2727 19
2728 16
2729 15
2730 16
2731 19
2732 23
2733 19
2734 19
2735 16
2736 12
2737 11
2738 14
2739 14
2740 6
2741 3
2742 2
2743 1
2744 0
2745 0
2746 0
2747 0
2748 0
2749 0
2750 0
2751 0
2752 0
2753 0
2754 0
2755 0
2756 0
2757 0
2758 0
2759 0
2760 0
2761 0
2762 0
2763 0
2764 0
2765 0
2766 0
2767 0
2768 1
2769 0
2770 0
2771 0
2772 0
2773 0
2774 0
2775 0
2776 0
2777 0
2778 1
2779 2
2780 3
2781 2
2782 3
2783 6
2784 8
2785 12
2786 10
2787 11
2788 14
2789 16
2790 15
2791 11
2792 11
2793 10
2794 8
2795 7
2796 7
2797 8
2798 5
2799 4
2800 5
2801 5
2802 7
2803 6
2804 5
2805 6
2806 10
2807 11
2808 10
2809 7
2810 8
2811 6
2812 5
2813 5
2814 5
2815 6
2816 10
2817 10
2818 9
2819 6
2820 7
2821 8
2822 8
2823 6
2824 10
2825 13
2826 5
2827 2
2828 2
2829 2
2830 3
2831 1
2832 1
2833 2
2834 5
2835 3
2836 3
2837 5
2838 3
2839 2
2840 2
2841 2
2842 1
2843 1
2844 1
2845 0
2846 0
2847 0
2848 0
2849 0
2850 0
2851 0
2852 0
2853 0
2854 0
2855 0
2856 0
2857 0
2858 0
2859 0
2860 1
2861 0
2862 0
2863 0
2864 0
2865 0
2866 0
2867 0
2868 0
2869 0
2870 0
2871 0
2872 0
2873 0
2874 0
2875 0
2876 0
2877 0
2878 0
2879 0
2880 0
2881 0
2882 0
2883 0
2884 0
2885 0
2886 0
2887 0
2888 0
2889 0
2890 0
2891 0
2892 0
2893 0
2894 0
2895 0
2896 0
2897 0
2898 0
2899 0
2900 0
2901 0
2902 0
2903 0
2904 0
2905 1
2906 1
2907 2
2908 1
2909 1
2910 0
2911 0
2912 0
2913 0
2914 0
2915 0
2916 0
2917 0
2918 0
2919 0
2920 0
2921 0
2922 0
2923 0
2924 0
2925 0
2926 0
2927 0
2928 1
2929 0
2930 0
2931 0
2932 0
2933 0
2934 0
2935 0
2936 0
2937 0
2938 0
2939 0
2940 0
2941 0
2942 0
2943 0
2944 1
2945 1
2946 2
2947 4
2948 6
2949 8
2950 5
2951 3
2952 5
2953 6
2954 6
2955 5
2956 4
2957 4
2958 5
2959 6
2960 9
2961 6
2962 4
2963 4
2964 3
2965 3
2966 4
2967 5
2968 3
2969 3
2970 5
2971 7
2972 7
2973 8
2974 11
2975 13
2976 13
2977 10
2978 8
2979 13
2980 16
2981 21
2982 27
2983 29
2984 31
2985 26
2986 22
2987 22
2988 22
2989 20
2990 21
2991 21
2992 22
2993 18
2994 11
2995 9
2996 15
2997 11
2998 14
2999 13
3000 14
3001 16
3002 17
3003 19
3004 20
3005 18
3006 16
3007 18
3008 23
3009 18
3010 24
3011 27
3012 23
3013 25
3014 28
3015 34
3016 29
3017 28
3018 26
3019 28
3020 32
3021 29
3022 25
3023 25
3024 18
3025 16
3026 22
3027 24
3028 27
3029 32
3030 26
3031 24
3032 25
3033 25
3034 32
3035 27
3036 33
3037 30
3038 35
3039 32
3040 36
3041 46
3042 60
3043 58
3044 65
3045 69
3046 77
3047 62
3048 75
3049 57
3050 51
3051 41
3052 46
3053 41
3054 40
3055 36
3056 37
3057 34
3058 34
3059 37
3060 36
3061 30
3062 31
3063 32
3064 28
3065 21
3066 23
3067 29
3068 29
3069 30
3070 30
3071 31
3072 26
3073 33
3074 38
3075 27
3076 22
3077 20
3078 20
3079 13
3080 17
3081 16
3082 15
3083 20
3084 22
3085 27
3086 28
3087 33
3088 25
3089 25
3090 26
3091 30
3092 32
3093 29
3094 32
3095 31
3096 35
3097 26
3098 30
3099 30
3100 21
3101 17
3102 19
3103 18
3104 13
3105 15
3106 18
3107 19
3108 20
3109 14
3110 17
3111 12
3112 16
3113 13
3114 14
3115 14
3116 16
3117 16
3118 12
3119 12
3120 13
3121 14
3122 18
3123 17
3124 14
3125 16
3126 20
3127 18
3128 14
3129 19
3130 23
3131 18
3132 10
3133 10
3134 14
3135 15
3136 12
3137 8
3138 12
3139 15
3140 12
3141 10
3142 10
3143 9
3144 8
3145 7
3146 7
3147 7
3148 7
3149 10
3150 7
3151 5
3152 6
3153 10
3154 10
3155 12
3156 9
3157 8
3158 6
3159 6
3160 2
3161 2
3162 2
3163 1
3164 2
3165 2
3166 3
3167 1
3168 1
3169 1
3170 1
3171 0
3172 0
3173 0
3174 0
3175 0
3176 0
3177 0
3178 0
3179 0
3180 0
3181 0
3182 0
3183 0
3184 0
3185 0
3186 0
3187 0
3188 0
3189 0
3190 0
3191 0
3192 0
3193 0
3194 0
3195 0
3196 0
3197 0
3198 0
3199 0
3200 0
3201 0
3202 0
3203 1
3204 0
3205 0
3206 0
3207 0
3208 0
3209 1
3210 2
3211 2
3212 2
3213 2
3214 5
3215 5
3216 5
3217 6
3218 9
3219 12
3220 10
3221 9
3222 11
3223 9
3224 11
3225 7
3226 8
3227 3
3228 3
3229 4
3230 5
3231 4
3232 6
3233 8
3234 9
3235 9
3236 9
3237 9
3238 9
3239 11
3240 10
3241 8
3242 7
3243 7
3244 5
3245 5
3246 7
3247 7
3248 6
3249 6
3250 2
3251 4
3252 5
3253 5
3254 7
3255 8
3256 10
3257 9
3258 7
3259 8
3260 5
3261 5
3262 4
3263 6
3264 9
3265 12
3266 13
3267 17
3268 13
3269 12
3270 10
3271 11
3272 9
3273 14
3274 14
3275 13
3276 18
3277 14
3278 18
3279 19
3280 19
3281 23
3282 22
3283 26
3284 13
3285 12
3286 11
3287 12
3288 10
3289 10
3290 13
3291 15
3292 15
3293 15
3294 19
3295 18
3296 27
3297 25
3298 28
3299 26
3300 24
3301 26
3302 26
3303 31
3304 30
3305 20
3306 23
3307 31
3308 31
3309 33
3310 36
3311 42
3312 44
3313 45
3314 42
3315 46
3316 47
3317 45
3318 49
3319 60
3320 58
3321 52
3322 45
3323 54
3324 45
3325 47
3326 49
3327 47
3328 52
3329 55
3330 61
3331 58
3332 46
3333 51
3334 65
3335 60
3336 65
3337 67
3338 61
3339 66
3340 68
3341 53
3342 54
3343 53
3344 54
3345 52
3346 58
3347 61
3348 46
3349 47
3350 55
3351 58
3352 54
3353 42
3354 44
3355 40
3356 36
3357 37
3358 28
3359 21
3360 24
3361 27
3362 18
3363 14
3364 11
3365 14
3366 10
3367 9
3368 11
3369 10
3370 8
3371 8
3372 10
3373 10
3374 13
3375 11
3376 8
3377 7
3378 8
3379 7
3380 4
3381 3
3382 1
3383 0
3384 0
3385 0
3386 0
3387 0
3388 0
3389 0
3390 1
3391 0
3392 0
3393 0
3394 0
3395 0
3396 0
3397 0
3398 0
3399 0
3400 0
3401 0
3402 0
3403 0
3404 0
3405 0
3406 0
3407 0
3408 1
3409 0
3410 0
3411 0
3412 0
3413 0
3414 0
3415 0
3416 0
3417 0
3418 0
3419 0
3420 0
3421 0
3422 0
3423 0
3424 0
3425 0
3426 0
3427 0
3428 0
3429 0
3430 0
3431 1
3432 0
3433 0
3434 0
3435 0
3436 0
3437 0
3438 0
3439 0
3440 0
3441 0
3442 0
3443 0
3444 0
3445 0
3446 0
3447 0
3448 0
3449 0
3450 0
3451 0
3452 0
3453 0
3454 0
3455 0
3456 0
3457 0
3458 0
3459 0
3460 0
3461 0
3462 1
3463 1
3464 0
3465 0
3466 0
3467 0
3468 1
3469 2
3470 1
3471 3
3472 2
3473 1
3474 1
3475 1
3476 2
3477 2
3478 0
3479 0
3480 0
3481 0
3482 0
3483 0
3484 0
3485 0
3486 0
3487 0
3488 0
3489 0
3490 0
3491 0
3492 1
3493 2
3494 2
3495 4
3496 6
3497 5
3498 7
3499 7
3500 7
3501 8
3502 5
3503 8
3504 14
3505 12
3506 13
3507 13
3508 12
3509 11
3510 11
3511 10
3512 9
3513 7
3514 6
3515 10
3516 14
3517 21
3518 27
3519 22
3520 17
3521 15
3522 19
3523 22
3524 24
3525 21
3526 18
3527 20
3528 20
3529 18
3530 18
3531 19
3532 17
3533 22
3534 20
3535 19
3536 21
3537 23
3538 28
3539 25
3540 28
3541 32
3542 26
3543 33
3544 44
3545 41
3546 33
3547 32
3548 33
3549 37
3550 43
3551 43
3552 45
3553 48
3554 35
3555 37
3556 46
3557 43
3558 45
3559 51
3560 51
3561 60
3562 69
3563 60
3564 66
3565 62
3566 61
3567 49
3568 54
3569 48
3570 47
3571 58
3572 59
3573 54
3574 58
3575 60
3576 55
3577 50
3578 51
3579 58
3580 54
3581 65
3582 56
3583 66
3584 68
3585 74
3586 89
3587 70
3588 68
3589 57
3590 53
3591 51
3592 57
3593 52
3594 49
3595 48
3596 51
3597 52
3598 46
3599 52
3600 42
3601 42
3602 42
3603 37
3604 48
3605 45
3606 44
3607 41
3608 39
3609 39
3610 34
3611 29
3612 27
3613 25
3614 26
3615 24
3616 23
3617 26
3618 31
3619 30
3620 26
3621 22
3622 24
3623 18
3624 19
3625 16
3626 15
3627 20
3628 26
3629 31
3630 33
3631 40
3632 44
3633 43
3634 45
3635 38
3636 39
3637 45
3638 55
3639 54
3640 40
3641 41
3642 41
3643 32
3644 30
3645 30
3646 35
3647 28
3648 23
3649 18
3650 17
3651 11
3652 8
3653 11
3654 14
3655 18
3656 17
3657 17
3658 26
3659 19
3660 15
3661 11
3662 10
3663 6
3664 8
3665 8
3666 12
3667 14
3668 18
3669 20
3670 22
3671 18
3672 13
3673 14
3674 17
3675 9
3676 12
3677 12
3678 16
3679 18
3680 16
3681 15
3682 14
3683 15
3684 15
3685 18
3686 20
3687 25
3688 28
3689 32
3690 37
3691 31
3692 36
3693 44
3694 39
3695 36
3696 40
3697 38
3698 36
3699 39
3700 37
3701 46
3702 45
3703 36
3704 39
3705 40
3706 49
3707 50
3708 52
3709 56
3710 58
3711 55
3712 72
3713 71
3714 72
3715 78
3716 74
3717 78
3718 60
3719 55
3720 55
3721 57
3722 54
3723 55
3724 69
3725 56
3726 66
3727 58
3728 63
3729 55
3730 51
3731 46
3732 53
3733 49
3734 46
3735 37
3736 33
3737 34
3738 35
3739 49
3740 56
3741 54
3742 51
3743 52
3744 53
3745 56
3746 54
3747 57
3748 45
3749 52
3750 54
3751 56
3752 63
3753 62
3754 54
3755 54
3756 46
3757 36
3758 37
3759 38
3760 40
3761 41
3762 44
3763 43
3764 37
3765 37
3766 35
3767 37
3768 39
3769 37
3770 33
3771 37
3772 35
3773 41
3774 40
3775 51
3776 47
3777 46
3778 46
3779 45
3780 49
3781 42
3782 56
3783 60
3784 58
3785 61
3786 58
3787 53
3788 51
3789 56
3790 51
3791 56
3792 56
3793 62
3794 52
3795 51
3796 39
3797 45
3798 50
3799 47
3800 42
3801 36
3802 21
3803 23
3804 26
3805 25
3806 27
3807 26
3808 24
3809 12
3810 11
3811 9
3812 7
3813 11
3814 7
3815 7
3816 7
3817 6
3818 5
3819 2
3820 1
3821 1
3822 1
3823 1
3824 1
3825 1
3826 1
3827 0
3828 1
3829 1
3830 2
3831 2
3832 2
3833 1
3834 1
3835 1
3836 2
3837 2
3838 2
3839 3
3840 0
3841 0
3842 0
3843 0
3844 0
3845 0
3846 0
3847 1
3848 1
3849 2
3850 0
3851 0
3852 0
3853 0
3854 1
3855 1
3856 1
3857 3
3858 3
3859 2
3860 3
3861 3
3862 2
3863 3
3864 2
3865 4
3866 6
3867 5
3868 6
3869 7
3870 7
3871 5
3872 3
3873 4
3874 3
3875 6
3876 8
3877 8
3878 8
3879 10
3880 8
3881 7
3882 5
3883 6
3884 5
3885 6
3886 5
3887 7
3888 8
3889 6
3890 5
3891 5
3892 5
3893 7
3894 7
3895 7
3896 4
3897 5
3898 5
3899 5
3900 4
3901 5
3902 6
3903 7
3904 7
3905 7
3906 7
3907 11
3908 11
3909 11
3910 11
3911 11
3912 10
3913 13
3914 12
3915 10
3916 8
3917 7
3918 9
3919 6
3920 3
3921 3
3922 3
3923 0
3924 0
3925 0
3926 0
3927 0
3928 0
3929 0
3930 0
3931 0
3932 0
3933 0
3934 0
3935 0
3936 0
3937 0
3938 0
3939 0
3940 0
3941 0
3942 0
3943 0
3944 0
3945 0
3946 0
3947 0
3948 0
3949 0
3950 0
3951 0
3952 0
3953 0
3954 0
3955 0
3956 0
3957 0
3958 0
3959 1
3960 1
3961 1
3962 2
3963 1
3964 2
3965 4
3966 5
3967 3
3968 4
3969 2
3970 2
3971 2
3972 2
3973 3
3974 2
3975 2
3976 4
3977 4
3978 3
3979 3
3980 4
3981 5
3982 5
3983 6
3984 8
3985 9
3986 9
3987 7
3988 10
3989 11
3990 10
3991 7
3992 8
3993 5
3994 5
3995 9
3996 4
3997 6
3998 6
3999 5
4000 5
4001 6
4002 6
4003 6
4004 5
4005 4
4006 7
4007 5
4008 8
4009 11
4010 9
4011 13
4012 22
4013 20
4014 17
4015 14
4016 14
4017 15
4018 14
4019 9
4020 11
4021 11
4022 17
4023 14
4024 18
4025 24
4026 27
4027 24
4028 23
4029 24
4030 26
4031 24
4032 30
4033 35
4034 46
4035 41
4036 45
4037 48
4038 48
4039 45
4040 43
4041 33
4042 30
4043 25
4044 28
4045 28
4046 34
4047 32
4048 30
4049 31
4050 26
4051 24
4052 28
4053 33
4054 42
4055 41
4056 37
4057 31
4058 31
4059 30
4060 32
4061 32
4062 34
4063 25
4064 27
4065 23
4066 21
4067 17
4068 20
4069 25
4070 20
4071 24
4072 16
4073 14
4074 15
4075 12
4076 15
4077 16
4078 21
4079 23
4080 27
4081 24
4082 21
4083 18
4084 17
4085 11
4086 12
4087 12
4088 14
4089 16
4090 16
4091 14
4092 9
4093 11
4094 10
4095 12
4096 9
4097 8
4098 8
4099 10
4100 14
4101 14
4102 9
4103 8
4104 12
4105 13
4106 16
4107 19
4108 23
4109 23
4110 24
4111 22
4112 18
4113 21
4114 20
4115 23
4116 27
4117 25
4118 18
4119 19
4120 19
4121 22
4122 16
4123 15
4124 13
4125 15
4126 25
4127 23
4128 14
4129 15
4130 16
4131 12
4132 12
4133 8
4134 4
4135 6
4136 5
4137 4
4138 3
4139 3
4140 3
4141 0
4142 0
4143 0
4144 0
4145 1
4146 1
4147 1
4148 1
4149 1
4150 1
4151 1
4152 0
4153 0
4154 1
4155 2
4156 1
4157 1
4158 1
4159 2
4160 2
4161 2
4162 1
4163 1
4164 3
4165 1
4166 1
4167 1
4168 0
4169 0
4170 0
4171 0
4172 0
4173 0
4174 0
4175 0
4176 0
4177 0
4178 0
4179 0
4180 0
4181 0
4182 0
4183 0
4184 0
4185 0
4186 0
4187 0
4188 0
4189 0
4190 0
4191 0
4192 0
4193 0
4194 0
4195 0
4196 0
4197 0
4198 0
4199 0
4200 0
4201 0
4202 0
4203 0
4204 0
4205 0
4206 0
4207 0
4208 0
4209 0
4210 0
4211 0
4212 0
4213 0
4214 0
4215 0
4216 0
4217 0
4218 1
4219 1
4220 2
4221 1
4222 1
4223 1
4224 3
4225 2
4226 4
4227 3
4228 2
4229 7
4230 5
4231 3
4232 4
4233 5
4234 5
4235 9
4236 8
4237 6
4238 4
4239 2
4240 1
4241 0
4242 0
4243 0
4244 1
4245 1
4246 0
4247 0
4248 0
4249 0
4250 0
4251 0
4252 0
4253 0
4254 0
4255 0
4256 0
4257 0
4258 0
4259 0
4260 0
4261 0
4262 0
4263 0
4264 0
4265 0
4266 1
4267 1
4268 1
4269 1
4270 1
4271 0
4272 0
4273 0
4274 0
4275 0
4276 0
4277 0
4278 0
4279 0
4280 0
4281 0
4282 0
4283 0
4284 0
4285 0
4286 0
4287 0
4288 0
4289 0
4290 0
4291 0
4292 0
4293 0
4294 0
4295 0
4296 0
4297 0
4298 0
4299 0
4300 0
4301 0
4302 0
4303 0
4304 0
4305 1
4306 1
4307 2
4308 1
4309 2
4310 2
4311 3
4312 2
4313 1
4314 1
4315 1
4316 1
4317 1
4318 2
4319 2
4320 1
4321 2
4322 0
4323 0
4324 0
4325 0
4326 0
4327 1
4328 0
4329 0
4330 0
4331 0
4332 0
4333 0
4334 0
4335 0
4336 0
4337 0
4338 0
4339 0
4340 0
4341 0
4342 0
4343 0
4344 0
4345 0
4346 0
4347 0
4348 0
4349 0
4350 0
4351 1
4352 0
4353 0
4354 0
4355 0
4356 0
4357 0
4358 0
4359 0
4360 0
4361 0
4362 0
4363 0
4364 0
4365 0
4366 0
4367 0
4368 0
4369 0
4370 0
4371 0
4372 0
4373 0
4374 0
4375 0
4376 0
4377 0
4378 0
4379 0
4380 0
4381 0
4382 0
4383 0
4384 0
4385 0
4386 0
4387 0
4388 0
4389 0
4390 0
4391 0
4392 0
4393 0
4394 0
4395 0
4396 0
4397 0
4398 0
4399 0
4400 0
4401 1
4402 2
4403 4
4404 5
4405 7
4406 5
4407 5
4408 5
4409 6
4410 7
4411 9
4412 8
4413 12
4414 8
4415 7
4416 7
4417 8
4418 6
4419 9
4420 16
4421 17
4422 15
4423 16
4424 11
4425 11
4426 12
4427 19
4428 18
4429 23
4430 18
4431 15
4432 16
4433 15
4434 12
4435 16
4436 19
4437 20
4438 22
4439 20
4440 20
4441 16
4442 15
4443 17
4444 13
4445 12
4446 21
4447 24
4448 24
4449 25
4450 35
4451 35
4452 37
4453 39
4454 27
4455 17
4456 22
4457 24
4458 23
4459 18
4460 20
4461 22
4462 18
4463 20
4464 23
4465 23
4466 31
4467 25
4468 25
4469 18
4470 21
4471 19
4472 15
4473 16
4474 19
4475 14
4476 18
4477 17
4478 21
4479 26
4480 25
4481 28
4482 18
4483 15
4484 16
4485 16
4486 18
4487 21
4488 21
4489 22
4490 17
4491 20
4492 18
4493 18
4494 14
4495 17
4496 15
4497 10
4498 8
4499 5
4500 7
4501 8
4502 5
4503 7
4504 5
4505 6
4506 5
4507 6
4508 6
4509 12
4510 12
4511 13
4512 17
4513 17
4514 18
4515 16
4516 15
4517 19
4518 21
4519 24
4520 22
4521 26
4522 28
4523 30
4524 36
4525 37
4526 38
4527 37
4528 36
4529 35
4530 47
4531 44
4532 48
4533 49
4534 50
4535 55
4536 58
4537 65
4538 64
4539 67
4540 63
4541 70
4542 67
4543 68
4544 75
4545 80
4546 76
4547 77
4548 80
4549 92
4550 99
4551 91
4552 90
4553 87
4554 93
4555 79
4556 78
4557 78
4558 75
4559 89
4560 87
4561 92
4562 83
4563 81
4564 81
4565 74
4566 74
4567 72
4568 63
4569 63
4570 67
4571 61
4572 56
4573 51
4574 48
4575 49
4576 36
4577 38
4578 41
4579 39
4580 38
4581 38
4582 28
4583 30
4584 35
4585 33
4586 34
4587 40
4588 57
4589 59
4590 63
4591 60
4592 66
4593 67
4594 70
4595 76
4596 87
4597 82
4598 79
4599 69
4600 77
4601 82
4602 81
4603 75
4604 69
4605 67
4606 62
4607 58
4608 54
4609 56
4610 58
4611 55
4612 55
4613 45
4614 51
4615 60
4616 52
4617 51
4618 49
4619 52
4620 54
4621 41
4622 44
4623 36
4624 40
4625 44
4626 42
4627 41
4628 39
4629 40
4630 33
4631 36
4632 38
4633 45
4634 53
4635 51
4636 49
4637 48
4638 52
4639 55
4640 51
4641 35
4642 34
4643 38
4644 38
4645 51
4646 44
4647 36
4648 38
4649 35
4650 41
4651 39
4652 38
4653 39
4654 39
4655 34
4656 35
4657 40
4658 26
4659 27
4660 24
4661 22
4662 24
4663 24
4664 30
4665 28
4666 24
4667 20
4668 18
4669 18
4670 14
4671 14
4672 14
4673 18
4674 22
4675 19
4676 15
4677 19
4678 15
4679 17
4680 15
4681 23
4682 18
4683 20
4684 17
4685 15
4686 20
4687 22
4688 20
4689 25
4690 24
4691 21
4692 31
4693 38
4694 33
4695 31
4696 28
4697 35
4698 30
4699 26
4700 30
4701 27
4702 26
4703 28
4704 17
4705 12
4706 17
4707 17
4708 17
4709 19
4710 16
4711 20
4712 23
4713 24
4714 33
4715 32
4716 39
4717 37
4718 40
4719 39
4720 37
4721 33
4722 31
4723 30
4724 26
4725 21
4726 20
4727 21
4728 22
4729 28
4730 25
4731 22
4732 20
4733 17
4734 16
4735 21
4736 22
4737 19
4738 20
4739 15
4740 15
4741 10
4742 14
4743 14
4744 14
4745 15
4746 17
4747 17
4748 15
4749 12
4750 13
4751 10
4752 13
4753 16
4754 16
4755 18
4756 17
4757 12
4758 9
4759 13
4760 10
4761 12
4762 15
4763 11
4764 12
4765 13
4766 16
4767 16
4768 18
4769 20
4770 25
4771 36
4772 38
4773 38
4774 31
4775 30
4776 31
4777 28
4778 23
4779 23
4780 22
4781 21
4782 20
4783 18
4784 16
4785 22
4786 28
4787 27
4788 30
4789 28
4790 25
4791 21
4792 20
4793 20
4794 20
4795 22
4796 21
4797 26
4798 18
4799 19
4800 25
4801 24
4802 20
4803 21
4804 25
4805 26
4806 22
4807 27
4808 21
4809 12
4810 8
4811 7
4812 9
4813 9
4814 9
4815 6
4816 7
4817 9
4818 7
4819 3
4820 7
4821 3
4822 6
4823 6
4824 7
4825 4
4826 3
4827 5
4828 6
4829 5
4830 7
4831 6
4832 3
4833 2
4834 3
4835 3
4836 3
4837 4
4838 2
4839 4
4840 3
4841 3
4842 1
4843 2
4844 3
4845 2
4846 2
4847 3
4848 2
4849 1
4850 2
4851 2
4852 1
4853 1
4854 0
4855 0
4856 0
4857 0
4858 0
4859 0
4860 0
4861 1
4862 1
4863 2
4864 1
4865 0
4866 0
4867 0
4868 0
4869 0
4870 0
4871 0
4872 0
4873 0
4874 0
4875 0
4876 0
4877 0
4878 0
4879 0
4880 0
4881 0
4882 0
4883 0
4884 1
4885 1
4886 0
4887 0
4888 0
4889 0
4890 0
4891 0
4892 0
4893 0
4894 0
4895 0
4896 1
4897 1
4898 1
4899 1
4900 2
4901 2
4902 1
4903 1
4904 1
4905 3
4906 3
4907 4
4908 4
4909 6
4910 4
4911 5
4912 5
4913 2
4914 0
4915 0
4916 0
4917 0
4918 0
4919 0
4920 0
4921 0
4922 0
4923 0
4924 0
4925 0
4926 0
4927 0
4928 0
4929 0
4930 0
4931 0
4932 0
4933 0
4934 0
4935 0
4936 0
4937 0
4938 0
4939 0
4940 0
4941 0
4942 0
4943 0
4944 0
4945 1
4946 1
4947 2
4948 2
4949 1
4950 0
4951 0
4952 0
4953 0
4954 0
4955 0
4956 0
4957 0
4958 0
4959 0
4960 0
4961 0
4962 1
4963 2
4964 1
4965 2
4966 3
4967 1
4968 1
4969 2
4970 1
4971 0
4972 0
4973 0
4974 0
4975 0
4976 0
4977 0
4978 0
4979 0
4980 0
4981 0
4982 0
4983 0
4984 0
4985 0
4986 0
4987 0
4988 0
4989 0
4990 0
4991 0
4992 1
4993 1
4994 1
4995 1
4996 1
4997 0
4998 0
4999 0
5000 0
5001 0
5002 0
5003 0
5004 0
5005 0
5006 0
5007 0
5008 0
5009 0
5010 0
5011 0
5012 0
5013 0
5014 0
5015 0
5016 0
5017 0
5018 1
5019 1
5020 0
5021 0
5022 0
5023 0
5024 0
5025 0
5026 0
5027 0
5028 0
5029 0
5030 1
5031 1
5032 2
5033 4
5034 4
5035 4
5036 4
5037 4
5038 5
5039 7
5040 9
5041 13
5042 14
5043 21
5044 20
5045 17
5046 14
5047 11
5048 7
5049 6
5050 4
5051 5
5052 5
5053 3
5054 1
5055 2
5056 1
5057 1
5058 2
5059 2
5060 2
5061 1
5062 0
5063 0
5064 0
5065 0
5066 0
5067 0
5068 0
5069 0
5070 0
5071 0
5072 0
5073 0
5074 0
5075 0
5076 0
5077 0
5078 0
5079 0
5080 0
5081 0
5082 0
5083 1
5084 0
5085 0
5086 0
5087 0
5088 0
5089 0
5090 0
5091 0
5092 0
5093 0
5094 0
5095 0
5096 0
5097 0
5098 0
5099 0
5100 0
5101 0
5102 0
5103 0
5104 1
5105 2
5106 2
5107 3
5108 4
5109 4
5110 8
5111 14
5112 12
5113 18
5114 18
5115 24
5116 26
5117 23
5118 25
5119 27
5120 25
5121 21
5122 13
5123 8
5124 8
5125 7
5126 6
5127 3
5128 3
5129 4
5130 5
5131 4
5132 5
5133 7
5134 7
5135 6
5136 7
5137 11
5138 13
5139 19
5140 19
5141 15
5142 17
5143 16
5144 16
5145 20
5146 20
5147 15
5148 11
5149 10
5150 10
5151 10
5152 8
5153 7
5154 8
5155 6
5156 4
5157 3
5158 7
5159 6
5160 5
5161 6
5162 9
5163 9
5164 10
5165 11
5166 10
5167 7
5168 8
5169 5
5170 4
5171 2
5172 0
5173 0
5174 0
5175 1
5176 3
5177 4
5178 4
5179 4
5180 4
5181 3
5182 5
5183 3
5184 3
5185 5
5186 7
5187 5
5188 3
5189 3
5190 4
5191 4
5192 9
5193 8
5194 8
5195 5
5196 2
5197 2
5198 2
5199 1
5200 2
5201 3
5202 3
5203 3
5204 3
5205 1
5206 1
5207 2
5208 2
5209 1
5210 1
5211 0
5212 0
5213 0
5214 0
5215 1
5216 0
5217 0
5218 0
5219 0
5220 0
5221 0
5222 0
5223 0
5224 0
5225 0
5226 0
5227 0
5228 0
5229 0
5230 0
5231 0
5232 0
5233 0
5234 0
5235 0
5236 0
5237 0
5238 0
5239 0
5240 0
5241 0
5242 0
5243 0
5244 1
5245 2
5246 1
5247 2
5248 2
5249 3
5250 2
5251 2
5252 2
5253 2
5254 3
5255 4
5256 6
5257 2
5258 2
5259 2
5260 2
5261 2
5262 2
5263 1
5264 1
5265 2
5266 2
5267 3
5268 4
5269 5
5270 3
5271 2
5272 2
5273 1
5274 1
5275 3
5276 4
5277 5
5278 3
5279 3
5280 2
5281 2
5282 3
5283 3
5284 2
5285 2
5286 1
5287 0
5288 0
5289 0
5290 0
5291 0
5292 0
5293 0
5294 0
5295 0
5296 0
5297 0
5298 0
5299 0
5300 0
5301 1
5302 0
5303 0
5304 0
5305 0
5306 0
5307 0
5308 0
5309 0
5310 0
5311 0
5312 0
5313 0
5314 0
5315 0
5316 0
5317 0
5318 0
5319 0
5320 0
5321 0
5322 0
5323 0
5324 0
5325 0
5326 0
5327 0
5328 0
5329 0
5330 0
5331 0
5332 0
5333 1
5334 1
5335 0
5336 0
5337 0
5338 0
5339 0
5340 0
5341 0
5342 0
5343 0
5344 0
5345 0
5346 1
5347 1
5348 0
5349 0
5350 0
5351 0
5352 0
5353 0
5354 0
5355 0
5356 0
5357 0
5358 0
5359 0
5360 0
5361 0
5362 0
5363 0
5364 0
5365 0
5366 0
5367 0
5368 0
5369 0
5370 0
5371 0
5372 0
5373 0
5374 0
5375 0
5376 0
5377 0
5378 0
5379 0
5380 0
5381 1
5382 3
5383 8
5384 11
5385 14
5386 15
5387 22
5388 18
5389 16
5390 16
5391 19
5392 19
5393 21
5394 23
5395 24
5396 25
5397 34
5398 29
5399 24
5400 22
5401 16
5402 12
5403 10
5404 9
5405 11
5406 10
5407 7
5408 4
5409 3
5410 1
5411 1
5412 1
5413 2
5414 3
5415 2
5416 1
5417 0
5418 0
5419 0
5420 0
5421 0
5422 0
5423 0
5424 0
5425 0
5426 0
5427 0
5428 0
5429 0
5430 0
5431 0
5432 0
5433 0
5434 0
5435 0
5436 0
5437 1
5438 0
5439 0
5440 1
5441 0
5442 0
5443 0
5444 0
5445 0
5446 0
5447 0
5448 0
5449 0
5450 0
5451 0
5452 0
5453 0
5454 0
5455 0
5456 0
5457 0
5458 0
5459 0
5460 0
5461 0
5462 0
5463 0
5464 0
5465 0
5466 0
5467 0
5468 0
5469 0
5470 0
5471 0
5472 0
5473 1
5474 1
5475 1
5476 2
5477 1
5478 2
5479 1
5480 0
5481 1
5482 1
5483 1
5484 0
5485 1
5486 2
5487 4
5488 5
5489 5
5490 3
5491 3
5492 3
5493 2
5494 1
5495 0
5496 0
5497 0
5498 0
5499 0
5500 0
5501 0
5502 0
5503 0
5504 0
5505 0
5506 0
5507 0
5508 0
5509 0
5510 0
5511 0
5512 0
5513 0
5514 0
5515 0
5516 0
5517 0
5518 0
5519 0
5520 0
5521 0
5522 1
5523 0
5524 0
5525 0
5526 0
5527 0
5528 0
5529 0
5530 0
5531 0
5532 0
5533 0
5534 0
5535 0
5536 0
5537 0
5538 0
5539 0
5540 0
5541 0
5542 0
5543 0
5544 0
5545 0
5546 0
5547 0
5548 0
5549 0
5550 0
5551 0
5552 0
5553 0
5554 0
5555 0
5556 0
5557 0
5558 0
5559 0
5560 0
5561 0
5562 0
5563 0
5564 0
5565 0
5566 0
5567 0
5568 0
5569 0
5570 0
5571 0
5572 0
5573 0
5574 0
5575 0
5576 0
5577 0
5578 0
5579 0
5580 0
5581 0
5582 0
5583 0
5584 0
5585 0
5586 0
5587 0
5588 0
5589 0
5590 0
5591 0
5592 0
5593 0
5594 0
5595 0
5596 0
5597 0
5598 0
5599 0
5600 0
5601 0
5602 0
5603 0
5604 0
5605 0
5606 0
5607 0
5608 0
5609 0
5610 0
5611 0
5612 0
5613 0
5614 0
5615 0
5616 0
5617 0
5618 1
5619 1
5620 1
5621 0
5622 0
5623 0
5624 0
5625 0
5626 0
5627 0
5628 0
5629 0
5630 0
5631 0
5632 0
5633 0
5634 0
5635 0
5636 0
5637 0
5638 0
5639 0
5640 0
5641 0
5642 0
5643 0
5644 0
5645 0
5646 0
5647 0
5648 0
5649 0
5650 0
5651 0
5652 0
5653 0
5654 0
5655 1
5656 3
5657 3
5658 4
5659 2
5660 2
5661 4
5662 3
5663 3
5664 3
5665 4
5666 6
5667 4
5668 4
5669 6
5670 5
5671 4
5672 5
5673 8
5674 8
5675 7
5676 6
5677 5
5678 7
5679 7
5680 7
5681 9
5682 11
5683 12
5684 13
5685 12
5686 7
5687 6
5688 6
5689 7
5690 3
5691 3
5692 5
5693 8
5694 6
5695 8
5696 7
5697 11
5698 15
5699 13
5700 11
5701 9
5702 11
5703 10
5704 10
5705 9
5706 9
5707 7
5708 5
5709 6
5710 2
5711 0
5712 0
5713 0
5714 0
5715 0
5716 0
5717 0
5718 0
5719 0
5720 0
5721 0
5722 0
5723 0
5724 0
5725 0
5726 0
5727 0
5728 0
5729 0
5730 0
5731 1
5732 1
5733 2
5734 3
5735 1
5736 1
5737 1
5738 0
5739 0
5740 0
5741 0
5742 2
5743 3
5744 2
5745 2
5746 1
5747 1
5748 2
5749 2
5750 2
5751 2
5752 2
5753 2
5754 4
5755 3
5756 3
5757 3
5758 4
5759 8
5760 11
5761 10
5762 7
5763 10
5764 9
5765 13
5766 9
5767 9
5768 10
5769 9
5770 11
5771 13
5772 10
5773 13
5774 16
5775 15
5776 13
5777 10
5778 12
5779 12
5780 11
5781 12
5782 8
5783 7
5784 6
5785 9
5786 12
5787 7
5788 5
5789 7
5790 12
5791 10
5792 7
5793 8
5794 9
5795 8
5796 8
5797 10
5798 7
5799 8
5800 5
5801 4
5802 2
5803 2
5804 4
5805 4
5806 3
5807 3
5808 1
5809 1
5810 0
5811 0
5812 0
5813 0
5814 0
5815 0
5816 0
5817 0
5818 0
5819 0
5820 0
5821 0
5822 0
5823 0
5824 0
5825 0
5826 0
5827 0
5828 0
5829 0
5830 0
5831 0
5832 0
5833 0
5834 0
5835 0
5836 0
5837 0
5838 1
5839 2
5840 2
5841 3
5842 5
5843 6
5844 6
5845 7
5846 2
5847 3
5848 6
5849 6
5850 6
5851 2
5852 1
5853 2
5854 5
5855 9
5856 10
5857 9
5858 8
5859 7
5860 10
5861 9
5862 3
5863 2
5864 2
5865 5
5866 5
5867 5
5868 8
5869 5
5870 8
5871 15
5872 17
5873 18
5874 20
5875 20
5876 14
5877 17
5878 23
5879 20
5880 21
5881 29
5882 31
5883 38
5884 32
5885 30
5886 25
5887 21
5888 22
5889 23
5890 23
5891 31
5892 27
5893 30
5894 31
5895 34
5896 49
5897 50
5898 55
5899 51
5900 45
5901 44
5902 46
5903 44
5904 47
5905 42
5906 44
5907 54
5908 48
5909 42
5910 41
5911 42
5912 44
5913 50
5914 52
5915 53
5916 57
5917 50
5918 50
5919 53
5920 58
5921 59
5922 78
5923 75
5924 78
5925 69
5926 63
5927 65
5928 61
5929 60
5930 50
5931 40
5932 38
5933 38
5934 41
5935 39
5936 45
5937 40
5938 35
5939 31
5940 27
5941 21
5942 22
5943 22
5944 25
5945 25
5946 21
5947 20
5948 24
5949 24
5950 22
5951 27
5952 22
5953 21
5954 22
5955 20
5956 19
5957 14
5958 10
5959 10
5960 8
5961 12
5962 8
5963 11
5964 16
5965 14
5966 14
5967 12
5968 13
5969 7
5970 8
5971 9
5972 14
5973 14
5974 11
5975 12
5976 15
5977 14
5978 10
5979 11
5980 12
5981 15
5982 15
5983 22
5984 22
5985 20
5986 16
5987 7
5988 11
5989 11
5990 9
5991 12
5992 11
5993 14
5994 15
5995 19
5996 20
5997 22
5998 27
5999 29
6000 35
6001 30
6002 36
6003 31
6004 25
6005 28
6006 26
6007 26
6008 29
6009 33
6010 33
6011 38
6012 37
6013 37
6014 37
6015 32
6016 27
6017 30
6018 30
6019 30
6020 34
6021 32
6022 28
6023 23
6024 25
6025 24
6026 27
6027 28
6028 31
6029 32
6030 29
6031 25
6032 21
6033 22
6034 17
6035 18
6036 17
6037 14
6038 16
6039 13
6040 13
6041 17
6042 14
6043 16
6044 21
6045 22
6046 11
6047 9
6048 11
6049 11
6050 9
6051 9
6052 5
6053 8
6054 8
6055 9
6056 13
6057 18
6058 19
6059 14
6060 18
6061 24
6062 22
6063 30
6064 27
6065 24
6066 26
6067 31
6068 30
6069 29
6070 33
6071 31
6072 33
6073 39
6074 47
6075 42
6076 43
6077 39
6078 50
6079 50
6080 56
6081 48
6082 41
6083 32
6084 29
6085 34
6086 37
6087 33
6088 23
6089 21
6090 18
6091 18
6092 14
6093 14
6094 15
6095 17
6096 17
6097 20
6098 21
6099 20
6100 16
6101 12
6102 9
6103 6
6104 7
6105 4
6106 2
6107 2
6108 1
6109 2
6110 2
6111 2
6112 0
6113 0
6114 0
6115 0
6116 0
6117 0
6118 0
6119 0
6120 0
6121 0
6122 0
6123 0
6124 0
6125 0
6126 0
6127 0
6128 0
6129 0
6130 0
6131 0
6132 0
6133 0
6134 0
6135 0
6136 0
6137 0
6138 0
6139 0
6140 0
6141 0
6142 0
6143 0
6144 0
6145 0
6146 0
6147 0
6148 0
6149 0
6150 0
6151 0
6152 0
6153 0
6154 0
6155 0
6156 0
6157 0
6158 0
6159 0
6160 0
6161 0
6162 0
6163 0
6164 0
6165 0
6166 0
6167 0
6168 0
6169 0
6170 0
6171 0
6172 0
6173 0
6174 0
6175 0
6176 0
6177 1
6178 3
6179 2
6180 2
6181 2
6182 2
6183 1
6184 2
6185 3
6186 2
6187 2
6188 2
6189 1
6190 1
6191 1
6192 0
6193 0
6194 0
6195 0
6196 0
6197 0
6198 0
6199 0
6200 1
6201 2
6202 3
6203 5
6204 8
6205 9
6206 7
6207 9
6208 11
6209 18
6210 16
6211 12
6212 9
6213 8
6214 9
6215 8
6216 7
6217 6
6218 6
6219 3
6220 5
6221 7
6222 4
6223 3
6224 4
6225 3
6226 5
6227 5
6228 7
6229 7
6230 9
6231 8
6232 8
6233 8
6234 7
6235 6
6236 5
6237 4
6238 4
6239 7
6240 7
6241 8
6242 9
6243 6
6244 6
6245 8
6246 8
6247 13
6248 9
6249 6
6250 5
6251 2
6252 5
6253 5
6254 3
6255 3
6256 3
6257 5
6258 2
6259 1
6260 1
6261 1
6262 1
6263 1
6264 0
6265 0
6266 0
6267 0
6268 1
6269 0
6270 0
6271 0
6272 0
6273 0
6274 1
6275 1
6276 1
6277 2
6278 1
6279 0
6280 0
6281 1
6282 2
6283 2
6284 1
6285 2
6286 1
6287 1
6288 0
6289 1
6290 1
6291 1
6292 3
6293 3
6294 4
6295 4
6296 2
6297 1
6298 1
6299 1
6300 1
6301 1
6302 1
6303 0
6304 0
6305 0
6306 0
6307 0
6308 0
6309 0
6310 0
6311 0
6312 0
6313 0
6314 0
6315 0
6316 0
6317 0
6318 1
6319 1
6320 0
6321 0
6322 0
6323 0
6324 0
6325 0
6326 0
6327 0
6328 0
6329 0
6330 0
6331 0
6332 0
6333 0
6334 0
6335 0
6336 0
6337 0
6338 0
6339 0
6340 0
6341 0
6342 0
6343 0
6344 0
6345 0
6346 0
6347 0
6348 0
6349 0
6350 0
6351 0
6352 0
6353 0
6354 0
6355 0
6356 0
6357 0
6358 0
6359 0
6360 0
6361 0
6362 0
6363 0
6364 0
6365 0
6366 0
6367 0
6368 0
6369 0
6370 0
6371 0
6372 0
6373 0
6374 0
6375 0
6376 0
6377 0
6378 1
6379 0
6380 0
6381 0
6382 0
6383 0
6384 0
6385 0
6386 0
6387 0
6388 0
6389 0
6390 0
6391 0
6392 0
6393 0
6394 0
6395 0
6396 0
6397 0
6398 0
6399 0
6400 0
6401 0
6402 0
6403 0
6404 0
6405 0
6406 0
6407 0
6408 0
6409 0
6410 0
6411 0
6412 0
6413 0
6414 0
6415 0
6416 0
6417 0
6418 0
6419 0
6420 0
6421 0
6422 0
6423 0
6424 0
6425 0
6426 0
6427 0
6428 0
6429 0
6430 0
6431 1
6432 0
6433 0
6434 0
6435 0
6436 0
6437 0
6438 0
6439 0
6440 1
6441 1
6442 2
6443 2
6444 4
6445 3
6446 6
6447 4
6448 6
6449 4
6450 1
6451 0
6452 0
6453 0
6454 0
6455 0
6456 0
6457 0
6458 0
6459 0
6460 0
6461 0
6462 0
6463 0
6464 0
6465 0
6466 0
6467 0
6468 0
6469 0
6470 1
6471 0
6472 0
6473 0
6474 0
6475 0
6476 0
6477 1
6478 2
6479 3
6480 3
6481 3
6482 2
6483 2
6484 1
6485 2
6486 3
6487 3
6488 3
6489 4
6490 6
6491 6
6492 6
6493 4
6494 5
6495 3
6496 3
6497 3
6498 3
6499 1
6500 0
6501 0
6502 0
6503 0
6504 0
6505 0
6506 0
6507 0
6508 0
6509 0
6510 0
6511 0
6512 0
6513 0
6514 0
6515 0
6516 0
6517 0
6518 0
6519 0
6520 0
6521 0
6522 0
6523 1
6524 1
6525 1
6526 2
6527 3
6528 2
6529 2
6530 4
6531 3
6532 2
6533 3
6534 3
6535 2
6536 1
6537 0
6538 0
6539 0
6540 0
6541 0
6542 0
6543 0
6544 0
6545 0
6546 0
6547 1
6548 1
6549 2
6550 2
6551 3
6552 3
6553 7
6554 10
6555 13
6556 15
6557 15
6558 14
6559 16
6560 18
6561 19
6562 13
6563 13
6564 16
6565 11
6566 18
6567 16
6568 17
6569 22
6570 27
6571 32
6572 34
6573 31
6574 29
6575 30
6576 31
6577 45
6578 48
6579 65
6580 71
6581 69
6582 55
6583 59
6584 50
6585 42
6586 46
6587 48
6588 51
6589 50
6590 49
6591 50
6592 51
6593 55
6594 51
6595 48
6596 43
6597 48
6598 45
6599 47
6600 53
6601 54
6602 41
6603 42
6604 35
6605 29
6606 34
6607 31
6608 27
6609 28
6610 29
6611 27
6612 21
6613 19
6614 18
6615 23
6616 24
6617 22
6618 18
6619 15
6620 18
6621 16
6622 18
6623 18
6624 21
6625 21
6626 15
6627 13
6628 11
6629 15
6630 19
6631 15
6632 12
6633 13
6634 12
6635 19
6636 15
6637 20
6638 15
6639 17
6640 18
6641 21
6642 17
6643 17
6644 22
6645 19
6646 13
6647 17
6648 16
6649 19
6650 18
6651 15
6652 11
6653 13
6654 20
6655 24
6656 32
6657 36
6658 32
6659 19
6660 20
6661 22
6662 22
6663 19
6664 17
6665 20
6666 19
6667 26
6668 27
6669 32
6670 36
6671 40
6672 43
6673 37
6674 29
6675 27
6676 28
6677 33
6678 30
6679 22
6680 25
6681 25
6682 20
6683 19
6684 19
6685 19
6686 22
6687 24
6688 19
6689 22
6690 28
6691 30
6692 26
6693 26
6694 28
6695 24
6696 31
6697 29
6698 32
6699 38
6700 34
6701 29
6702 28
6703 28
6704 40
6705 40
6706 48
6707 39
6708 45
6709 47
6710 45
6711 56
6712 60
6713 52
6714 53
6715 56
6716 48
6717 53
6718 47
6719 48
6720 52
6721 56
6722 46
6723 44
6724 48
6725 47
6726 47
6727 43
6728 47
6729 47
6730 46
6731 43
6732 40
6733 53
6734 56
6735 54
6736 50
6737 43
6738 37
6739 34
6740 30
6741 27
6742 30
6743 34
6744 38
6745 43
6746 42
6747 40
6748 42
6749 42
6750 41
6751 51
6752 52
6753 54
6754 53
6755 50
6756 46
6757 35
6758 33
6759 27
6760 26
6761 22
6762 21
6763 22
6764 27
6765 16
6766 15
6767 13
6768 11
6769 10
6770 12
6771 14
6772 14
6773 9
6774 9
6775 11
6776 10
6777 6
6778 7
6779 8
6780 7
6781 6
6782 5
6783 8
6784 5
6785 5
6786 3
6787 6
6788 6
6789 8
6790 6
6791 5
6792 4
6793 4
6794 2
6795 5
6796 3
6797 6
6798 8
6799 10
6800 11
6801 14
6802 16
6803 11
6804 10
6805 10
6806 13
6807 12
6808 12
6809 13
6810 15
6811 14
6812 11
6813 7
6814 8
6815 8
6816 12
6817 11
6818 9
6819 8
6820 7
6821 8
6822 10
6823 10
6824 14
6825 12
6826 11
6827 4
6828 5
6829 8
6830 5
6831 5
6832 4
6833 6
6834 5
6835 4
6836 2
6837 1
6838 1
6839 0
6840 0
6841 0
6842 0
6843 0
6844 0
6845 0
6846 0
6847 0
6848 0
6849 0
6850 0
6851 0
6852 0
6853 0
6854 0
6855 0
6856 0
6857 1
6858 1
6859 0
6860 0
6861 0
6862 0
6863 0
6864 0
6865 0
6866 0
6867 0
6868 0
6869 0
6870 0
6871 0
6872 0
6873 0
6874 0
6875 0
6876 0
6877 0
6878 0
6879 0
6880 0
6881 0
6882 0
6883 0
6884 0
6885 0
6886 0
6887 1
6888 1
6889 1
6890 1
6891 1
6892 1
6893 1
6894 1
6895 0
6896 0
6897 0
6898 0
6899 0
6900 0
6901 0
6902 0
6903 0
6904 0
6905 0
6906 0
6907 0
6908 0
6909 0
6910 0
6911 0
6912 1
6913 0
6914 0
6915 0
6916 0
6917 0
6918 0
6919 0
6920 0
6921 0
6922 0
6923 0
6924 0
6925 0
6926 0
6927 0
6928 0
6929 0
6930 0
6931 0
6932 1
6933 0
6934 0
6935 0
6936 0
6937 0
6938 0
6939 0
6940 1
6941 0
6942 0
6943 0
6944 0
6945 0
6946 0
6947 0
6948 0
6949 0
6950 0
6951 0
6952 0
6953 0
6954 0
6955 0
6956 0
6957 0
6958 0
6959 0
6960 0
6961 0
6962 0
6963 0
6964 0
6965 0
6966 0
6967 0
6968 0
6969 0
6970 0
6971 0
6972 0
6973 0
6974 0
6975 0
6976 0
6977 0
6978 0
6979 0
6980 0
6981 0
6982 0
6983 0
6984 0
6985 0
6986 0
6987 0
6988 0
6989 0
6990 0
6991 0
6992 0
6993 0
6994 0
6995 0
6996 0
6997 0
6998 0
6999 0
7000 0
7001 0
7002 0
7003 1
7004 0
7005 0
7006 0
7007 0
7008 0
7009 0
7010 0
7011 0
7012 0
7013 0
7014 0
7015 0
7016 0
7017 0
7018 0
7019 0
7020 0
7021 0
7022 0
7023 0
7024 0
7025 0
7026 0
7027 1
7028 1
7029 0
7030 0
7031 0
7032 0
7033 0
7034 0
7035 0
7036 0
7037 0
7038 0
7039 0
7040 0
7041 0
7042 0
7043 0
7044 0
7045 0
7046 0
7047 0
7048 0
7049 0
7050 0
7051 0
7052 0
7053 0
7054 0
7055 1
7056 1
7057 3
7058 3
7059 3
7060 4
7061 6
7062 9
7063 9
7064 3
7065 4
7066 4
7067 4
7068 4
7069 2
7070 3
7071 3
7072 2
7073 3
7074 1
7075 3
7076 1
7077 2
7078 3
7079 3
7080 4
7081 6
7082 6
7083 2
7084 1
7085 1
7086 1
7087 0
7088 0
7089 0
7090 0
7091 1
7092 2
7093 4
7094 2
7095 2
7096 1
7097 1
7098 2
7099 2
7100 1
7101 1
7102 0
7103 0
7104 0
7105 0
7106 0
7107 0
7108 0
7109 0
7110 0
7111 0
7112 0
7113 1
7114 2
7115 1
7116 3
7117 2
7118 2
7119 3
7120 6
7121 4
7122 3
7123 5
7124 6
7125 7
7126 10
7127 12
7128 6
7129 5
7130 6
7131 5
7132 5
7133 7
7134 11
7135 13
7136 9
7137 12
7138 12
7139 13
7140 9
7141 16
7142 22
7143 28
7144 31
7145 38
7146 37
7147 39
7148 42
7149 45
7150 37
7151 40
7152 37
7153 36
7154 35
7155 36
7156 32
7157 32
7158 37
7159 36
7160 40
7161 40
7162 46
7163 47
7164 45
7165 47
7166 46
7167 46
7168 47
7169 57
7170 67
7171 72
7172 71
7173 79
7174 91
7175 92
7176 86
7177 87
7178 79
7179 77
7180 87
7181 77
7182 85
7183 90
7184 91
7185 100
7186 96
7187 93
7188 101
7189 103
7190 94
7191 90
7192 81
7193 80
7194 91
7195 90
7196 85
7197 82
7198 90
7199 94
7200 90
7201 90
7202 90
7203 92
7204 90
7205 92
7206 92
7207 90
7208 78
7209 68
7210 68
7211 78
7212 79
7213 84
7214 99
7215 94
7216 106
7217 122
7218 117
7219 115
7220 115
7221 113
7222 109
7223 100
7224 107
7225 107
7226 103
7227 89
7228 95
7229 109
7230 112
7231 108
7232 98
7233 92
7234 104
7235 84
7236 99
7237 111
7238 106
7239 102
7240 91
7241 92
7242 90
7243 95
7244 100
7245 83
7246 94
7247 87
7248 79
7249 65
7250 69
7251 64
7252 73
7253 68
7254 77
7255 81
7256 86
7257 76
7258 69
7259 60
7260 58
7261 58
7262 64
7263 59
7264 53
7265 58
7266 64
7267 63
7268 61
7269 61
7270 64
7271 55
7272 57
7273 54
7274 46
7275 46
7276 42
7277 37
7278 34
7279 35
7280 35
7281 39
7282 38
7283 40
7284 25
7285 20
7286 20
7287 17
7288 16
7289 15
7290 19
7291 20
7292 22
7293 13
7294 14
7295 12
7296 7
7297 7
7298 4
7299 6
7300 7
7301 6
7302 3
7303 5
7304 7
7305 6
7306 5
7307 5
7308 3
7309 3
7310 1
7311 1
7312 0
7313 0
7314 0
7315 0
7316 1
7317 0
7318 0
7319 0
7320 0
7321 0
7322 0
7323 0
7324 0
7325 0
7326 0
7327 0
7328 0
7329 0
7330 0
7331 0
7332 0
7333 0
7334 0
7335 0
7336 0
7337 0
7338 0
7339 0
7340 0
7341 0
7342 0
7343 0
7344 0
7345 0
7346 0
7347 0
7348 0
7349 0
7350 0
7351 0
7352 0
7353 0
7354 0
7355 0
7356 0
7357 0
7358 0
7359 0
7360 0
7361 0
7362 0
7363 0
7364 0
7365 0
7366 0
7367 0
7368 0
7369 0
7370 0
7371 0
7372 0
7373 0
7374 0
7375 0
7376 0
7377 0
7378 0
7379 0
7380 0
7381 0
7382 0
7383 0
7384 1
7385 0
7386 0
7387 0
7388 0
7389 0
7390 0
7391 0
7392 0
7393 0
7394 0
7395 0
7396 0
7397 0
7398 0
7399 0
7400 0
7401 0
7402 0
7403 0
7404 1
7405 1
7406 0
7407 1
7408 0
7409 0
7410 0
7411 0
7412 0
7413 0
7414 0
7415 0
7416 0
7417 0
7418 0
7419 0
7420 0
7421 0
7422 0
7423 0
7424 0
7425 0
7426 0
7427 0
7428 0
7429 0
7430 0
7431 0
7432 0
7433 0
7434 1
7435 1
7436 3
7437 4
7438 3
7439 4
7440 3
7441 5
7442 5
7443 6
7444 9
7445 13
7446 9
7447 8
7448 6
7449 7
7450 6
7451 5
7452 6
7453 4
7454 8
7455 9
7456 10
7457 10
7458 9
7459 9
7460 8
7461 8
7462 10
7463 10
7464 9
7465 8
7466 9
7467 9
7468 12
7469 15
7470 15
7471 18
7472 20
7473 20
7474 15
7475 14
7476 8
7477 7
7478 6
7479 5
7480 7
7481 6
7482 7
7483 3
7484 2
7485 1
7486 0
7487 0
7488 0
7489 0
7490 0
7491 0
7492 0
7493 0
7494 0
7495 0
7496 0
7497 0
7498 0
7499 0
7500 0
7501 0
7502 1
7503 2
7504 2
7505 2
7506 2
7507 5
7508 3
7509 1
7510 0
7511 0
7512 0
7513 0
7514 0
7515 0
7516 1
7517 1
7518 3
7519 2
7520 0
7521 0
7522 0
7523 0
7524 1
7525 0
7526 0
7527 0
7528 0
7529 0
7530 0
7531 0
7532 0
7533 0
7534 0
7535 0
7536 0
7537 0
7538 0
7539 0
7540 0
7541 0
7542 0
7543 0
7544 0
7545 0
7546 0
7547 0
7548 0
7549 0
7550 0
7551 0
7552 0
7553 0
7554 0
7555 0
7556 0
7557 0
7558 0
7559 0
7560 0
7561 0
7562 0
7563 0
7564 0
7565 0
7566 0
7567 0
7568 0
7569 0
7570 0
7571 0
7572 0
7573 0
7574 0
7575 0
7576 0
7577 0
7578 0
7579 0
7580 0
7581 0
7582 0
7583 0
7584 0
7585 0
7586 0
7587 0
7588 0
7589 0
7590 0
7591 0
7592 0
7593 0
7594 0
7595 0
7596 0
7597 0
7598 0
7599 1
7600 0
7601 0
7602 0
7603 1
7604 1
7605 2
7606 2
7607 5
7608 5
7609 4
7610 3
7611 6
7612 6
7613 7
7614 9
7615 12
7616 10
7617 10
7618 9
7619 12
7620 9
7621 7
7622 8
7623 3
7624 6
7625 6
7626 11
7627 8
7628 5
7629 9
7630 10
7631 12
7632 6
7633 6
7634 4
7635 5
7636 5
7637 7
7638 10
7639 14
7640 6
7641 5
7642 2
7643 1
7644 1
7645 0
7646 0
7647 0
7648 1
7649 2
7650 3
7651 5
7652 2
7653 1
7654 2
7655 2
7656 1
7657 2
7658 1
7659 0
7660 0
7661 0
7662 0
7663 0
7664 0
7665 0
7666 0
7667 0
7668 0
7669 0
7670 0
7671 0
7672 0
7673 0
7674 0
7675 0
7676 0
7677 0
7678 0
7679 0
7680 1
7681 1
7682 2
7683 1
7684 1
7685 0
7686 0
7687 0
7688 0
7689 0
7690 0
7691 0
7692 0
7693 0
7694 0
7695 0
7696 0
7697 1
7698 0
7699 0
7700 0
7701 0
7702 0
7703 0
7704 0
7705 0
7706 0
7707 0
7708 0
7709 0
7710 0
7711 2
7712 2
7713 2
7714 1
7715 0
7716 0
7717 0
7718 0
7719 0
7720 0
7721 0
7722 0
7723 0
7724 0
7725 0
7726 0
7727 0
7728 0
7729 0
7730 0
7731 1
7732 1
7733 2
7734 3
7735 4
7736 8
7737 10
7738 9
7739 10
7740 10
7741 7
7742 4
7743 8
7744 10
7745 10
7746 13
7747 18
7748 18
7749 16
7750 17
7751 20
7752 24
7753 24
7754 25
7755 24
7756 27
7757 28
7758 30
7759 27
7760 21
7761 21
7762 19
7763 20
7764 15
7765 12
7766 11
7767 9
7768 15
7769 18
7770 18
7771 16
7772 17
7773 14
7774 22
7775 28
7776 28
7777 32
7778 33
7779 26
7780 27
7781 23
7782 27
7783 24
7784 18
7785 13
7786 18
7787 13
7788 9
7789 10
7790 12
7791 10
7792 11
7793 7
7794 8
7795 10
7796 10
7797 10
7798 8
7799 8
7800 12
7801 12
7802 16
7803 16
7804 17
7805 14
7806 14
7807 10
7808 11
7809 11
7810 11
7811 12
7812 18
7813 25
7814 22
7815 22
7816 25
7817 28
7818 32
7819 30
7820 36
7821 34
7822 31
7823 29
7824 29
7825 27
7826 25
7827 20
7828 17
7829 17
7830 19
7831 19
7832 21
7833 30
7834 32
7835 27
7836 22
7837 27
7838 24
7839 25
7840 29
7841 24
7842 21
7843 16
7844 18
7845 17
7846 15
7847 20
7848 25
7849 18
7850 17
7851 16
7852 20
7853 20
7854 19
7855 26
7856 17
7857 18
7858 14
7859 13
7860 13
7861 11
7862 15
7863 15
7864 16
7865 14
7866 13
7867 14
7868 11
7869 8
7870 9
7871 11
7872 13
7873 15
7874 14
7875 12
7876 8
7877 7
7878 10
7879 12
7880 12
7881 15
7882 12
7883 15
7884 14
7885 11
7886 9
7887 10
7888 10
7889 8
7890 11
7891 12
7892 10
7893 6
7894 7
7895 7
7896 6
7897 4
7898 2
7899 2
7900 3
7901 4
7902 3
7903 3
7904 3
7905 3
7906 1
7907 3
7908 3
7909 3
7910 2
7911 1
7912 1
7913 0
7914 0
7915 0
7916 0
7917 0
7918 0
7919 1
7920 1
7921 3
7922 3
7923 4
7924 3
7925 1
7926 1
7927 3
7928 5
7929 8
7930 8
7931 9
7932 9
7933 13
7934 10
7935 9
7936 11
7937 12
7938 10
7939 10
7940 9
7941 9
7942 11
7943 11
7944 7
7945 13
7946 13
7947 15
7948 21
7949 16
7950 25
7951 17
7952 16
7953 14
7954 18
7955 16
7956 19
7957 22
7958 26
7959 27
7960 30
7961 28
7962 27
7963 33
7964 36
7965 34
7966 42
7967 40
7968 31
7969 32
7970 33
7971 35
7972 38
7973 35
7974 36
7975 32
7976 22
7977 20
7978 15
7979 14
7980 13
7981 14
7982 13
7983 13
7984 14
7985 12
7986 13
7987 14
7988 17
7989 14
7990 15
7991 14
7992 17
7993 15
7994 13
7995 14
7996 15
7997 12
7998 14
7999 11
8000 12
8001 9
8002 5
8003 5
8004 5
8005 5
8006 8
8007 9
8008 10
8009 8
8010 6
8011 7
8012 9
8013 8
8014 7
8015 7
8016 6
8017 5
8018 2
8019 1
8020 1
8021 1
8022 1
8023 2
8024 3
8025 1
8026 1
8027 2
8028 1
8029 0
8030 0
8031 0
8032 0
8033 0
8034 0
8035 0
8036 0
8037 0
8038 0
8039 0
8040 1
8041 1
8042 0
8043 0
8044 0
8045 0
8046 0
8047 0
8048 0
8049 0
8050 0
8051 0
8052 0
8053 0
8054 0
8055 0
8056 1
8057 3
8058 4
8059 6
8060 7
8061 8
8062 7
8063 4
8064 3
8065 1
8066 1
8067 0
8068 0
8069 0
8070 0
8071 0
8072 0
8073 0
8074 0
8075 0
8076 0
8077 0
8078 0
8079 0
8080 0
8081 0
8082 0
8083 0
8084 0
8085 0
8086 0
8087 0
8088 0
8089 0
8090 0
8091 0
8092 0
8093 0
8094 0
8095 0
8096 0
8097 0
8098 0
8099 0
8100 0
8101 0
8102 0
8103 0
8104 0
8105 1
8106 1
8107 1
8108 1
8109 1
8110 1
8111 1
8112 1
8113 2
8114 1
8115 0
8116 0
8117 0
8118 0
8119 0
8120 0
8121 1
8122 0
8123 0
8124 0
8125 0
8126 0
8127 0
8128 0
8129 0
8130 0
8131 0
8132 0
8133 0
8134 0
8135 0
8136 0
8137 0
8138 0
8139 0
8140 0
8141 0
8142 0
8143 0
8144 0
8145 0
8146 0
8147 0
8148 0
8149 0
8150 0
8151 0
8152 0
8153 0
8154 0
8155 0
8156 0
8157 0
8158 0
8159 0
8160 0
8161 0
8162 0
8163 1
8164 1
8165 0
8166 0
8167 0
8168 0
8169 0
8170 0
8171 0
8172 0
8173 0
8174 0
8175 0
8176 0
8177 0
8178 0
8179 0
8180 0
8181 0
8182 0
8183 0
8184 0
8185 0
8186 0
8187 0
8188 0
8189 0
8190 0
8191 0
8192 0
8193 0
8194 0
8195 0
8196 0
8197 0
8198 0
8199 0
8200 0
8201 0
8202 0
8203 0
8204 0
8205 0
8206 0
8207 0
8208 0
8209 0
8210 0
8211 0
8212 0
8213 0
8214 0
8215 0
8216 0
8217 0
8218 0
8219 0
8220 0
8221 0
8222 0
8223 0
8224 0
8225 0
8226 0
8227 0
8228 0
8229 0
8230 0
8231 0
8232 0
8233 0
8234 0
8235 0
8236 0
8237 0
8238 0
8239 1
8240 2
8241 3
8242 1
8243 0
8244 0
8245 0
8246 0
8247 0
8248 0
8249 0
8250 0
8251 1
8252 2
8253 0
8254 0
8255 0
8256 0
8257 0
8258 0
8259 0
8260 0
8261 0
8262 0
8263 0
8264 0
8265 0
8266 0
8267 0
8268 0
8269 0
8270 0
8271 0
8272 0
8273 0
8274 0
8275 0
8276 0
8277 0
8278 0
8279 0
8280 1
8281 2
8282 0
8283 0
8284 0
8285 0
8286 0
8287 0
8288 0
8289 0
8290 0
8291 0
8292 0
8293 0
8294 0
8295 0
8296 0
8297 0
8298 0
8299 0
8300 0
8301 0
8302 1
8303 3
8304 2
8305 2
8306 1
8307 2
8308 1
8309 1
8310 1
8311 0
8312 0
8313 0
8314 0
8315 0
8316 0
8317 0
8318 0
8319 0
8320 0
8321 0
8322 0
8323 0
8324 0
8325 0
8326 0
8327 0
8328 1
8329 1
8330 1
8331 1
8332 1
8333 2
8334 4
8335 2
8336 2
8337 3
8338 3
8339 3
8340 2
8341 2
8342 2
8343 1
8344 2
8345 2
8346 1
8347 1
8348 2
8349 1
8350 0
8351 0
8352 0
8353 0
8354 0
8355 0
8356 1
8357 1
8358 1
8359 0
8360 0
8361 0
8362 0
8363 0
8364 0
8365 0
8366 0
8367 0
8368 0
8369 0
8370 0
8371 0
8372 0
8373 0
8374 0
8375 0
8376 0
8377 0
8378 0
8379 0
8380 0
8381 0
8382 0
8383 0
8384 0
8385 0
8386 0
8387 0
8388 0
8389 0
8390 0
8391 0
8392 0
8393 0
8394 0
8395 0
8396 0
8397 0
8398 0
8399 0
8400 0
8401 1
8402 0
8403 0
8404 0
8405 0
8406 0
8407 0
8408 0
8409 0
8410 0
8411 0
8412 0
8413 0
8414 0
8415 0
8416 0
8417 0
8418 1
8419 1
8420 1
8421 1
8422 2
8423 2
8424 3
8425 4
8426 3
8427 3
8428 4
8429 2
8430 2
8431 3
8432 3
8433 2
8434 2
8435 2
8436 1
8437 2
8438 1
8439 1
8440 0
8441 0
8442 0
8443 0
8444 0
8445 0
8446 0
8447 0
8448 0
8449 0
8450 0
8451 0
8452 1
8453 0
8454 0
8455 0
8456 0
8457 0
8458 0
8459 0
8460 0
8461 0
8462 0
8463 0
8464 0
8465 0
8466 1
8467 2
8468 1
8469 2
8470 2
8471 1
8472 2
8473 2
8474 1
8475 2
8476 4
8477 1
8478 0
8479 0
8480 0
8481 0
8482 0
8483 0
8484 0
8485 0
8486 0
8487 0
8488 0
8489 0
8490 0
8491 0
8492 1
8493 0
8494 0
8495 0
8496 0
8497 0
8498 0
8499 0
8500 0
8501 0
8502 0
8503 1
8504 1
8505 0
8506 0
8507 0
8508 0
8509 0
8510 0
8511 0
8512 0
8513 0
8514 0
8515 0
8516 0
8517 0
8518 0
8519 0
8520 0
8521 0
8522 0
8523 0
8524 0
8525 0
8526 0
8527 0
8528 0
8529 0
8530 1
8531 1
8532 3
8533 1
8534 1
8535 1
8536 0
8537 0
8538 0
8539 0
8540 0
8541 0
8542 0
8543 0
8544 0
8545 0
8546 0
8547 0
8548 0
8549 0
8550 0
8551 0
8552 0
8553 0
8554 0
8555 0
8556 0
8557 0
8558 0
8559 0
8560 0
8561 0
8562 0
8563 0
8564 0
8565 0
8566 0
8567 0
8568 0
8569 0
8570 0
8571 0
8572 0
8573 0
8574 0
8575 0
8576 0
8577 0
8578 0
8579 0
8580 0
8581 0
8582 1
8583 0
8584 0
8585 0
8586 0
8587 0
8588 0
8589 1
8590 0
8591 0
8592 0
8593 0
8594 0
8595 0
8596 0
8597 0
8598 0
8599 0
8600 0
8601 0
8602 0
8603 0
8604 0
8605 0
8606 0
8607 0
8608 0
8609 0
8610 0
8611 0
8612 0
8613 0
8614 0
8615 0
8616 1
8617 0
8618 0
8619 0
8620 0
8621 0
8622 0
8623 0
8624 1
8625 0
8626 0
8627 0
8628 0
8629 0
8630 0
8631 0
8632 0
8633 0
8634 0
8635 0
8636 0
8637 0
8638 1
8639 1
8640 0
8641 0
8642 0
8643 1
8644 0
8645 0
8646 0
8647 0
8648 0
8649 0
8650 0
8651 0
8652 0
8653 0
8654 0
8655 0
8656 0
8657 0
8658 0
8659 1
8660 0
8661 1
8662 2
8663 1
8664 1
8665 0
8666 0
8667 0
8668 0
8669 0
8670 0
8671 0
8672 0
8673 0
8674 0
8675 0
8676 0
8677 0
8678 0
8679 0
8680 0
8681 0
8682 0
8683 0
8684 0
8685 0
8686 0
8687 0
8688 1
8689 1
8690 0
8691 0
8692 0
8693 0
8694 0
8695 0
8696 0
8697 0
8698 0
8699 0
8700 0
8701 0
8702 0
8703 0
8704 0
8705 0
8706 0
8707 0
8708 1
8709 1
8710 2
8711 1
8712 1
8713 0
8714 0
8715 0
8716 0
8717 0
8718 1
8719 0
8720 0
8721 1
8722 0
8723 0
8724 0
8725 0
8726 0
8727 0
8728 0
8729 0
8730 0
8731 0
8732 0
8733 0
8734 1
8735 0
8736 0
8737 0
8738 0
8739 0
8740 0
8741 0
8742 0
8743 0
8744 0
8745 0
8746 0
8747 0
8748 0
8749 0
8750 0
8751 0
8752 0
8753 0
8754 0
8755 0
8756 0
8757 0
8758 0
8759 0
8760 0
8761 0
8762 0
8763 0
8764 0
8765 0
8766 0
8767 0
8768 0
8769 0
8770 0
8771 0
8772 1
8773 2
8774 2
8775 3
8776 4
8777 8
8778 7
8779 8
8780 4
8781 6
8782 4
8783 2
8784 1
8785 2
8786 3
8787 3
8788 1
8789 2
8790 1
8791 1
8792 1
8793 2
8794 2
8795 1
8796 1
8797 1
8798 3
8799 1
8800 0
8801 0
8802 0
8803 0
8804 0
8805 0
8806 0
8807 0
8808 0
8809 0
8810 0
8811 0
8812 0
8813 0
8814 0
8815 0
8816 0
8817 0
8818 0
8819 0
8820 0
8821 0
8822 0
8823 0
8824 0
8825 0
8826 0
8827 0
8828 0
8829 1
8830 1
8831 2
8832 2
8833 2
8834 1
8835 1
8836 1
8837 2
8838 2
8839 2
8840 1
8841 1
8842 1
8843 2
8844 1
8845 0
8846 0
8847 0
8848 0
8849 0
8850 0
8851 0
8852 0
8853 0
8854 1
8855 0
8856 0
8857 0
8858 0
8859 0
8860 0
8861 0
8862 0
8863 0
8864 0
8865 0
8866 0
8867 0
8868 0
8869 1
8870 1
8871 0
8872 0
8873 0
8874 0
8875 1
8876 0
8877 0
8878 0
8879 0
8880 0
8881 0
8882 0
8883 1
8884 1
8885 1
8886 2
8887 1
8888 0
8889 0
8890 0
8891 0
8892 0
8893 0
8894 0
8895 0
8896 0
8897 0
8898 0
8899 1
8900 1
8901 2
8902 2
8903 2
8904 3
8905 3
8906 4
8907 4
8908 3
8909 3
8910 5
8911 6
8912 5
8913 4
8914 8
8915 8
8916 8
8917 4
8918 5
8919 7
8920 9
8921 7
8922 5
8923 8
8924 10
8925 9
8926 9
8927 8
8928 6
8929 4
8930 5
8931 5
8932 7
8933 9
8934 6
8935 9
8936 9
8937 7
8938 5
8939 6
8940 6
8941 4
8942 6
8943 6
8944 9
8945 9
8946 9
8947 10
8948 11
8949 12
8950 15
8951 12
8952 10
8953 8
8954 9
8955 9
8956 6
8957 7
8958 2
8959 2
8960 3
8961 2
8962 1
8963 3
8964 2
8965 2
8966 1
8967 1
8968 0
8969 0
8970 0
8971 0
8972 0
8973 0
8974 0
8975 0
8976 0
8977 0
8978 0
8979 0
8980 0
8981 0
8982 0
8983 0
8984 0
8985 0
8986 0
8987 0
8988 0
8989 0
8990 0
8991 0
8992 0
8993 0
8994 1
8995 1
8996 2
8997 2
8998 4
8999 7
9000 7
9001 7
9002 8
9003 8
9004 4
9005 7
9006 11
9007 12
9008 17
9009 19
9010 15
9011 16
9012 17
9013 20
9014 19
9015 14
9016 11
9017 11
9018 8
9019 7
9020 6
9021 6
9022 7
9023 8
9024 10
9025 8
9026 8
9027 8
9028 16
9029 13
9030 10
9031 14
9032 16
9033 22
9034 24
9035 30
9036 36
9037 37
9038 47
9039 41
9040 44
9041 46
9042 42
9043 29
9044 25
9045 22
9046 21
9047 16
9048 15
9049 14
9050 20
9051 28
9052 32
9053 31
9054 33
9055 31
9056 25
9057 33
9058 30
9059 27
9060 28
9061 28
9062 26
9063 24
9064 26
9065 23
9066 28
9067 27
9068 35
9069 27
9070 27
9071 20
9072 24
9073 23
9074 23
9075 20
9076 22
9077 23
9078 25
9079 25
9080 25
9081 31
9082 35
9083 33
9084 27
9085 26
9086 28
9087 33
9088 39
9089 36
9090 37
9091 41
9092 30
9093 19
9094 21
9095 25
9096 29
9097 28
9098 21
9099 16
9100 18
9101 16
9102 17
9103 12
9104 14
9105 14
9106 15
9107 20
9108 19
9109 17
9110 20
9111 25
9112 26
9113 36
9114 32
9115 40
9116 50
9117 46
9118 45
9119 50
9120 46
9121 44
9122 44
9123 50
9124 48
9125 48
9126 45
9127 38
9128 37
9129 43
9130 39
9131 42
9132 43
9133 54
9134 54
9135 46
9136 44
9137 46
9138 49
9139 50
9140 53
9141 46
9142 40
9143 38
9144 48
9145 45
9146 51
9147 52
9148 55
9149 53
9150 55
9151 52
9152 52
9153 45
9154 43
9155 38
9156 26
9157 19
9158 21
9159 21
9160 22
9161 20
9162 17
9163 15
9164 21
9165 24
9166 20
9167 22
9168 26
9169 24
9170 27
9171 24
9172 25
9173 27
9174 27
9175 34
9176 25
9177 20
9178 20
9179 19
9180 25
9181 25
9182 25
9183 23
9184 21
9185 19
9186 19
9187 19
9188 15
9189 12
9190 7
9191 7
9192 11
9193 14
9194 15
9195 12
9196 9
9197 11
9198 6
9199 5
9200 7
9201 7
9202 9
9203 11
9204 15
9205 13
9206 9
9207 8
9208 10
9209 13
9210 13
9211 10
9212 11
9213 12
9214 15
9215 9
9216 9
9217 11
9218 15
9219 23
9220 24
9221 23
9222 28
9223 37
9224 35
9225 38
9226 40
9227 42
9228 45
9229 39
9230 29
9231 29
9232 26
9233 33
9234 34
9235 35
9236 41
9237 41
9238 38
9239 45
9240 43
9241 41
9242 45
9243 41
9244 36
9245 31
9246 31
9247 24
9248 21
9249 20
9250 29
9251 31
9252 28
9253 30
9254 27
9255 39
9256 35
9257 38
9258 39
9259 36
9260 37
9261 42
9262 46
9263 39
9264 31
9265 33
9266 28
9267 22
9268 23
9269 20
9270 24
9271 29
9272 27
9273 30
9274 37
9275 41
9276 35
9277 28
9278 21
9279 22
9280 29
9281 27
9282 34
9283 35
9284 24
9285 24
9286 21
9287 19
9288 21
9289 22
9290 20
9291 15
9292 20
9293 22
9294 22
9295 23
9296 20
9297 11
9298 12
9299 11
9300 8
9301 6
9302 9
9303 8
9304 11
9305 9
9306 4
9307 2
9308 1
9309 1
9310 1
9311 0
9312 0
9313 0
9314 0
9315 0
9316 0
9317 1
9318 1
9319 2
9320 4
9321 2
9322 1
9323 0
9324 0
9325 0
9326 0
9327 0
9328 0
9329 0
9330 0
9331 0
9332 0
9333 0
9334 0
9335 0
9336 0
9337 0
9338 0
9339 0
9340 0
9341 0
9342 0
9343 0
9344 0
9345 0
9346 0
9347 0
9348 0
9349 0
9350 0
9351 0
9352 1
9353 2
9354 3
9355 3
9356 4
9357 5
9358 1
9359 0
9360 0
9361 0
9362 0
9363 0
9364 0
9365 0
9366 1
9367 1
9368 0
9369 0
9370 0
9371 0
9372 0
9373 0
9374 0
9375 0
9376 0
9377 0
9378 0
9379 0
9380 0
9381 1
9382 0
9383 0
9384 0
9385 0
9386 0
9387 0
9388 0
9389 0
9390 0
9391 0
9392 0
9393 0
9394 0
9395 0
9396 0
9397 0
9398 0
9399 0
9400 0
9401 0
9402 0
9403 0
9404 0
9405 1
9406 1
9407 3
9408 4
9409 4
9410 4
9411 2
9412 1
9413 3
9414 3
9415 3
9416 2
9417 1
9418 0
9419 0
9420 0
9421 0
9422 0
9423 0
9424 0
9425 0
9426 0
9427 0
9428 0
9429 0
9430 0
9431 0
9432 0
9433 1
9434 1
9435 0
9436 0
9437 0
9438 0
9439 0
9440 0
9441 0
9442 0
9443 0
9444 0
9445 0
9446 0
9447 0
9448 0
9449 0
9450 0
9451 0
9452 0
9453 0
9454 0
9455 0
9456 0
9457 0
9458 0
9459 0
9460 0
9461 0
9462 0
9463 0
9464 0
9465 0
9466 0
9467 0
9468 0
9469 0
9470 0
9471 0
9472 0
9473 0
9474 0
9475 0
9476 0
9477 0
9478 0
9479 0
9480 0
9481 0
9482 0
9483 0
9484 1
9485 2
9486 3
9487 3
9488 2
9489 3
9490 1
9491 1
9492 2
9493 4
9494 3
9495 3
9496 3
9497 3
9498 3
9499 5
9500 4
9501 5
9502 5
9503 4
9504 4
9505 6
9506 5
9507 5
9508 4
9509 6
9510 6
9511 8
9512 8
9513 4
9514 3
9515 1
9516 1
9517 0
9518 0
9519 1
9520 2
9521 1
9522 5
9523 5
9524 5
9525 4
9526 3
9527 4
9528 2
9529 2
9530 3
9531 6
9532 10
9533 14
9534 17
9535 19
9536 14
9537 12
9538 13
9539 14
9540 19
9541 24
9542 26
9543 21
9544 20
9545 17
9546 10
9547 9
9548 4
9549 2
9550 1
9551 1
9552 0
9553 0
9554 0
9555 0
9556 0
9557 0
9558 0
9559 0
9560 0
9561 0
9562 0
9563 0
9564 0
9565 0
9566 0
9567 0
9568 0
9569 1
9570 2
9571 2
9572 1
9573 0
9574 0
9575 0
9576 0
9577 0
9578 0
9579 0
9580 0
9581 0
9582 0
9583 1
9584 2
9585 3
9586 5
9587 6
9588 8
9589 12
9590 16
9591 20
9592 20
9593 24
9594 28
9595 31
9596 36
9597 41
9598 37
9599 40
9600 41
9601 36
9602 43
9603 41
9604 38
9605 38
9606 38
9607 41
9608 42
9609 39
9610 35
9611 32
9612 33
9613 33
9614 35
9615 39
9616 39
9617 42
9618 44
9619 50
9620 46
9621 46
9622 51
9623 42
9624 42
9625 49
9626 47
9627 46
9628 52
9629 55
9630 51
9631 49
9632 51
9633 51
9634 52
9635 49
9636 50
9637 46
9638 46
9639 45
9640 40
9641 31
9642 31
9643 33
9644 41
9645 42
9646 44
9647 44
9648 35
9649 37
9650 34
9651 38
9652 36
9653 42
9654 42
9655 38
9656 38
9657 38
9658 35
9659 34
9660 38
9661 34
9662 33
9663 32
9664 41
9665 42
9666 43
9667 37
9668 34
9669 39
9670 38
9671 34
9672 25
9673 22
9674 21
9675 23
9676 18
9677 17
9678 19
9679 18
9680 22
9681 21
9682 14
9683 12
9684 11
9685 17
9686 16
9687 17
9688 15
9689 9
9690 10
9691 9
9692 6
9693 9
9694 9
9695 10
9696 8
9697 8
9698 9
9699 13
9700 12
9701 10
9702 7
9703 5
9704 8
9705 5
9706 6
9707 5
9708 4
9709 4
9710 3
9711 5
9712 4
9713 5
9714 2
9715 5
9716 5
9717 7
9718 10
9719 11
9720 13
9721 9
9722 11
9723 9
9724 4
9725 2
9726 3
9727 2
9728 2
9729 5
9730 8
9731 9
9732 12
9733 9
9734 11
9735 11
9736 8
9737 7
9738 9
9739 10
9740 12
9741 11
9742 12
9743 15
9744 13
9745 13
9746 8
9747 10
9748 12
9749 14
9750 17
9751 14
9752 16
9753 21
9754 15
9755 12
9756 12
9757 9
9758 8
9759 10
9760 10
9761 8
9762 7
9763 6
9764 9
9765 8
9766 6
9767 8
9768 8
9769 11
9770 11
9771 9
9772 8
9773 7
9774 9
9775 8
9776 7
9777 6
9778 6
9779 6
9780 6
9781 6
9782 9
9783 11
9784 8
9785 7
9786 6
9787 5
9788 4
9789 3
9790 3
9791 3
9792 4
9793 5
9794 7
9795 8
9796 8
9797 13
9798 21
9799 31
9800 34
9801 37
9802 36
9803 36
9804 38
9805 43
9806 42
9807 43
9808 44
9809 41
9810 39
9811 41
9812 45
9813 40
9814 36
9815 33
9816 35
9817 40
9818 36
9819 34
9820 30
9821 38
9822 38
9823 36
9824 32
9825 26
9826 26
9827 26
9828 31
9829 47
9830 42
9831 42
9832 45
9833 46
9834 49
9835 44
9836 47
9837 45
9838 48
9839 55
9840 62
9841 61
9842 52
9843 57
9844 51
9845 46
9846 41
9847 46
9848 45
9849 52
9850 48
9851 53
9852 61
9853 66
9854 70
9855 73
9856 86
9857 66
9858 69
9859 69
9860 65
9861 65
9862 72
9863 79
9864 83
9865 80
9866 87
9867 85
9868 97
9869 97
9870 105
9871 110
9872 123
9873 133
9874 112
9875 109
9876 112
9877 122
9878 118
9879 131
9880 116
9881 105
9882 102
9883 112
9884 118
9885 119
9886 127
9887 129
9888 110
9889 112
9890 111
9891 117
9892 109
9893 118
9894 121
9895 124
9896 124
9897 135
9898 144
9899 132
9900 127
9901 115
9902 109
9903 110
9904 108
9905 111
9906 108
9907 116
9908 115
9909 121
9910 132
9911 131
9912 133
9913 126
9914 124
9915 119
9916 111
9917 105
9918 107
9919 114
9920 133
9921 110
9922 109
9923 114
9924 115
9925 123
9926 99
9927 109
9928 106
9929 111
9930 116
9931 94
9932 102
9933 90
9934 93
9935 82
9936 76
9937 70
9938 68
9939 74
9940 56
9941 57
9942 59
9943 57
9944 48
9945 51
9946 54
9947 44
9948 45
9949 41
9950 28
9951 25
9952 18
9953 19
9954 22
9955 18
9956 12
9957 10
9958 7
9959 5
9960 7
9961 8
9962 6
9963 5
9964 5
9965 4
9966 3
9967 3
9968 2
9969 1
9970 1
9971 2
9972 2
9973 2
9974 3
9975 1
9976 1
9977 2
9978 2
9979 2
9980 1
9981 1
9982 1
9983 3
9984 0
9985 0
9986 0
9987 0
9988 0
9989 1
9990 2
9991 3
9992 4
9993 1
9994 0
9995 0
9996 0
9997 0
9998 0
9999 0
10000 0
